	Topic	BM25	JM_LM	MY_PRM
0	R101	0.6646714285714286	0.6646714285714286	0.6646714285714286
1	R102	0.7870503703703704	0.7859614814814816	0.7872
2	R103	0.41203571428571434	0.3095571428571429	0.41203571428571434
3	R104	0.9108275000000002	0.8557049999999997	0.9134816666666666
4	R105	0.7648312500000001	0.64698125	0.7648312500000001
5	R106	0.43709999999999993	0.50655	0.51425
6	R107	0.35896666666666666	0.3263	0.32563333333333333
7	R108	0.14556666666666665	0.15133333333333332	0.17016666666666666
8	R109	0.6572550000000001	0.6679350000000001	0.666915
9	R110	0.6100000000000001	0.56222	0.5625800000000001
10	R111	0.13073333333333334	0.13073333333333334	0.17726666666666668
11	R112	1.0	1.0	1.0
12	R113	0.7132	0.6570583333333334	0.7324416666666665
13	R114	0.8583400000000001	0.92666	0.885
14	R115	0.32539999999999997	0.2879	0.32539999999999997
15	R116	0.29471875	0.29140625	0.410625
16	R117	0.28886666666666666	0.48333333333333334	0.28886666666666666
17	R118	0.4242333333333333	0.2896666666666667	0.4242333333333333
18	R119	0.13394999999999999	0.132125	0.13394999999999999
19	R120	0.4981444444444446	0.5518222222222222	0.5547444444444446
20	R121	0.5767214285714285	0.7417857142857144	0.6364500000000001
21	R122	0.5558066666666667	0.5579533333333333	0.5558066666666667
22	R123	0.48333333333333334	0.4555666666666667	0.48333333333333334
23	R124	0.41829999999999995	0.58985	0.4698666666666667
24	R125	0.6858416666666667	0.5314833333333334	0.6948916666666666
25	R126	0.7004526315789473	0.6146526315789473	0.7004526315789473
26	R127	0.5635	0.46349999999999997	0.5635
27	R128	0.328075	0.32897499999999996	0.328075
28	R129	0.5692	0.5229411764705882	0.5692
29	R130	0.6984333333333334	0.6428666666666666	0.6984333333333334
30	R131	0.424575	0.251625	0.42912500000000003
31	R132	0.21337142857142855	0.2238571428571429	0.21337142857142855
32	R133	1.0	1.0	1.0
33	R134	0.18622	0.19507999999999998	0.18425999999999998
34	R135	0.5064928571428571	0.5445214285714285	0.5064928571428571
35	R136	0.4440624999999999	0.482425	0.5168375
36	R137	1.0	1.0	1.0
37	R138	0.08484285714285714	0.20382857142857144	0.08484285714285714
38	R139	0.8333333333333334	0.7381000000000001	1.0
39	R140	0.7718545454545456	0.6931181818181819	0.8502636363636363
40	R141	0.8418583333333336	0.7249625000000001	0.8488583333333336
41	R142	0.17714999999999997	0.205775	0.17714999999999997
42	R143	0.130275	0.1071	0.130275
43	R144	0.41295	0.48738333333333334	0.49628333333333324
44	R145	0.05462	0.04837999999999999	0.05504
45	R146	0.39795384615384616	0.35949230769230767	0.39795384615384616
46	R147	0.6472166666666667	0.4483166666666667	0.6825833333333334
47	R148	0.34895000000000004	0.34895000000000004	0.38104166666666667
48	R149	0.21684	0.20886000000000005	0.21684
49	R150	0.41942500000000005	0.4659	0.375
50	Average	0.5021509310457575	0.4883033885967032	0.5192104185517699
