	Topic	BM25	JM_LM	MY_PRM
0	R101	3.2474	3.2474	3.2474
1	R102	3.434	3.434	3.3805
2	R103	2.8332	1.8175	2.8332
3	R104	5.2545	4.5666	5.2545
4	R105	4.0084	2.7545	4.0084
5	R106	1.4307	1.8562	1.6309
6	R107	1.5	1.4307	1.4307
7	R108	0.6572	0.6572	0.7202
8	R109	3.8511	3.8771	3.8511
9	R110	2.5616	2.3332	2.5616
10	R111	0.0	0.0	0.301
11	R112	3.9485	3.9485	3.9485
12	R113	4.2495	3.8983	4.2495
13	R114	3.3511	3.4485	3.3949
14	R115	1.1309	1.0616	1.1309
15	R116	1.0	1.0	2.5
16	R117	1.133	1.301	1.133
17	R118	1.5	0.9871	1.5
18	R119	0.3155	0.0	0.3155
19	R120	3.138	2.8771	3.3047
20	R121	3.6036	3.8511	3.7073
21	R122	2.306	2.306	2.306
22	R123	1.301	1.0	1.301
23	R124	2.3205	2.764	2.4485
24	R125	4.2104	3.4535	3.9485
25	R126	2.9485	3.065	2.9485
26	R127	2.3919	2.3919	2.3919
27	R128	1.0	1.0	1.0
28	R129	4.0114	3.196	4.0114
29	R130	1.9871	1.8562	1.9871
30	R131	1.0	1.0	1.301
31	R132	1.3869	1.4307	1.3869
32	R133	3.5616	3.5616	3.5616
33	R134	0.7461	0.6309	0.7461
34	R135	2.264	2.432	2.264
35	R136	2.1572	2.3188	2.6717
36	R137	2.6309	2.6309	2.6309
37	R138	0.3155	0.6165	0.3155
38	R139	2.3869	2.0	2.6309
39	R140	4.6236	4.2545	4.8676
40	R141	4.8983	4.1036	4.9212
41	R142	0.3155	0.4307	0.3155
42	R143	0.0	0.0	0.0
43	R144	2.1202	2.5441	2.1202
44	R145	0.0	0.0	0.0
45	R146	1.0	1.0	1.0
46	R147	2.9485	2.0616	2.9485
47	R148	0.301	0.301	1.1737
48	R149	0.6895	0.6165	0.6895
49	R150	1.7639	1.8869	1.4485
50	Average	2.194692	2.06401	2.2748
