	Topic	BM25	JM_LM	MY_PRM
0	R101	0.78888	0.78888	0.78888
1	R102	0.73705	0.73705	0.7092666666666667
2	R103	0.7278	0.4666666666666666	0.7278
3	R104	1.0	0.952625	1.0
4	R105	0.8330000000000001	0.5423428571428571	0.8330000000000001
5	R106	0.7	0.6428666666666666	0.83335
6	R107	0.5	0.45	0.45
7	R108	0.17145	0.17145	0.20834999999999998
8	R109	0.9305500000000001	0.9444499999999999	0.9305500000000001
9	R110	0.6791750000000001	0.652775	0.6791750000000001
10	R111	0.0	0.0	0.1
11	R112	1.0	1.0	1.0
12	R113	0.9571428571428572	0.7972250000000001	0.9571428571428572
13	R114	0.8583400000000001	0.92666	0.885
14	R115	0.41664999999999996	0.36665000000000003	0.41664999999999996
15	R116	1.0	1.0	0.9166666666666666
16	R117	0.28886666666666666	0.6	0.28886666666666666
17	R118	0.5	0.3095	0.5
18	R119	0.1111	0.0	0.1111
19	R120	0.6496166666666667	0.7544600000000001	0.7345166666666666
20	R121	0.7878333333333333	0.9305500000000001	0.8551666666666667
21	R122	0.52102	0.52102	0.52102
22	R123	0.6	1.0	0.6
23	R124	0.523825	0.775	0.6083500000000001
24	R125	0.9325428571428571	0.6679285714285715	1.0
25	R126	0.8100000000000002	0.5981666666666667	0.8100000000000002
26	R127	0.5635	0.46349999999999997	0.5635
27	R128	1.0	1.0	1.0
28	R129	0.8273857142857143	0.7402833333333333	0.8273857142857143
29	R130	0.6984333333333334	0.6428666666666666	0.6984333333333334
30	R131	1.0	0.5	0.6
31	R132	0.41664999999999996	0.45	0.41664999999999996
32	R133	1.0	1.0	1.0
33	R134	0.2111	0.3333	0.2111
34	R135	0.525	0.579175	0.525
35	R136	0.58215	0.641675	0.7182499999999999
36	R137	1.0	1.0	1.0
37	R138	0.1111	0.15555000000000002	0.1111
38	R139	0.8333333333333334	1.0	1.0
39	R140	0.8782555555555557	0.7856666666666666	0.9467777777777778
40	R141	0.9626555555555556	0.8687142857142857	0.9765444444444444
41	R142	0.1111	0.2	0.1111
42	R143	0.0	0.0	0.0
43	R144	0.45715	0.5142800000000001	0.58215
44	R145	0.0	0.0	0.0
45	R146	1.0	0.5	1.0
46	R147	0.7100000000000001	0.5889000000000001	0.7100000000000001
47	R148	0.1	0.1	0.3206333333333333
48	R149	0.19645	0.15555000000000002	0.19645
49	R150	0.41942500000000005	0.5	0.4111
50	Average	0.6125706174603175	0.5863145476190477	0.6278205158730159
