QueryR101 (DocID Weight):
46547 4.808949525356828

46974 4.808949525356828

62325 3.6176921064011616

61329 2.2427440216797345

6146 2.0408576294639675

61780 1.7916575631470457

22170 1.7810619359963218

22513 1.526276808474937

82330 1.1483648825558916

39496 0.9308987475337247

18586 0.0

26642 0.0

26847 0.0

27577 0.0

30647 0.0


QueryR102 (DocID Weight):
58476 5.823485737167832

78836 5.495641590903023

26061 5.460655016045445

57914 5.265119236166676

73038 5.245439394211596

76635 4.9758211292220835

12769 4.794696153528932

12767 4.670583721080316

25096 4.194248355951287

24515 4.135593604256909

82227 4.129659640433181

4358 3.848496509855972

65414 3.6191870317894863

26611 3.6104043775099806

33172 3.4050124082339384


QueryR103 (DocID Weight):
81463 5.392553416431075

14314 4.9301765304722975

27426 4.0556123572607605

27106 3.760753019101675

26385 3.6697485816403965

59459 3.484649918770671

14069 3.435368141035519

54533 3.4260386452339886

83370 3.3154851855348646

20159 3.2616021331234686

26386 3.2463905440041954

79396 3.1963505159483043

26432 3.092516150554382

80988 2.3722646685432864

9272 2.345486235357732


QueryR104 (DocID Weight):
11930 3.149839973494668

11923 3.110372737009522

11481 2.9836078065743448

6636 2.903873422700884

7502 2.887702922529262

49815 2.8872799652868646

3837 2.8682419976600997

12812 2.8592888129035083

11485 2.8193756823701266

3827 2.7616476502244405

12479 2.7304585282338945

25205 2.7173997346008756

65394 2.7147873708817576

15077 2.713288656445983

4306 2.706901130090861


QueryR105 (DocID Weight):
86042 2.9439479729629467

86961 2.9439479729629467

15744 2.9226805235820557

33961 2.8961876827371613

64966 2.868240368428987

51493 2.81595039491145

49633 2.7240784662783852

48148 2.6987107950672025

80483 2.668483324471711

80484 2.668483324471711

80884 2.668483324471711

65210 2.610377225507699

3008 2.584485599671391

5225 2.4972851483861236

5226 2.4972851483861236


QueryR106 (DocID Weight):
16841 6.3973127454546574

73731 5.377994399123417

49023 4.9918702485606286

55891 3.8642742460833235

16723 3.6529483360915798

51441 3.5077966848293087

35782 3.318022592584301

7914 3.3063969716865

68829 3.2550228606931686

8085 2.1911087658033

6386 2.1653231302569056

76556 2.1524121545416883

6409 2.135808090582539

41521 1.865194863341999

2800 1.7301651277430812


QueryR107 (DocID Weight):
71157 4.179212403034411

79950 3.792993865810767

51576 3.775941131627858

77936 3.562900114758747

59244 3.4088079981971777

67107 2.5195040342329063

67411 2.5195040342329063

86459 1.7681827758431983

31404 1.3851444571358915

41791 1.3440457144773479

69377 1.3417674455698438

37330 1.332024991203206

18297 1.311173812163432

18529 1.3079149814644733

78164 1.3039603723871662


QueryR108 (DocID Weight):
82290 5.0177730324319745

5176 4.873117285283896

5177 4.873117285283896

2829 4.839453650218574

10759 4.512077837592886

50314 4.014612092028572

10810 3.9826518522987544

80518 3.8675690327054317

22169 3.642335793075153

19961 3.4662106077078434

22662 3.3416174132944683

26058 3.3044269451666053

8780 3.1277024297065426

82392 2.9667229061200344

81929 2.880754919315378


QueryR109 (DocID Weight):
16953 3.7874179572257254

61540 3.533098566290866

26073 3.527282252368852

64476 3.113861991036844

4933 3.092251888826473

67717 3.0269907577226496

16575 2.8313496699425267

78626 2.627867428075033

34684 2.5498806727557572

23398 2.5062982850286635

73598 2.360371769955457

15776 2.3419989998175303

51139 2.2323580241070653

24340 2.2067923314859725

29314 2.164562451201881


QueryR110 (DocID Weight):
38920 5.352723339180552

42439 4.852026366483653

38356 4.733659007893497

41791 4.717509958513725

85147 4.707106929342313

72320 4.5697049998672465

78595 4.217477140754739

71167 4.088274687546097

16827 4.0809042613102

25590 3.7690733165237886

28185 3.466721472697595

18552 3.3794794753714297

23408 3.3794794753714297

6163 3.146401660765967

82926 2.6230796045436935


QueryR111 (DocID Weight):
18100 2.405977031630881

18163 2.405977031630881

18164 2.405977031630881

28923 2.3137543544907113

18706 2.2981786157666377

75763 2.2943173925357794

13057 2.097015687832792

19440 2.07266686067945

22382 2.016503497676859

52020 1.9933607210341457

18859 1.7414387197074688

47049 1.6195137133870579

66338 1.5532001759775094

45422 1.4775732250267242

46485 1.4664659717168556


QueryR112 (DocID Weight):
70466 6.151825464182469

59464 5.993558282594642

78115 5.960717277030692

78269 5.895209223557741

83201 5.482922621088553

85553 5.452390188403734

58748 4.748195500528865

5166 4.6750302579714145

53046 4.606745811643466

81350 4.371999920711504

12858 3.3259088550764586

48882 3.122460462664284

34745 3.055542667664164

41121 3.0247724329125196

68780 2.881610001978317


QueryR113 (DocID Weight):
17030 4.324296065973615

17217 4.324296065973615

13685 4.081482270062764

25500 3.8719755051558273

79404 2.7895795176629625

13690 2.7240355083759566

2323 2.7128148626467032

4053 2.7128148626467032

7722 2.6938974422819983

40234 2.6893712778077234

2451 2.5328417321923884

86541 2.481971388337451

37816 2.439467664322958

36588 2.43175730883985

76103 2.3289681052072844


QueryR114 (DocID Weight):
18879 5.21543152253089

38452 4.453975898479318

60810 4.3811326401143535

72354 3.5552468168379323

26700 3.4614390002158086

25303 3.43331934321998

28014 3.390795895705399

21110 3.2354138398914523

38330 2.9750309698205966

78708 2.8154190873596225

58634 2.1951552564302745

24474 2.030220392850454

37685 1.7152242744310215

55340 1.4393557695455466

57956 1.4393557695455466


QueryR115 (DocID Weight):
50020 5.373702331010481

58137 4.569340481108306

76605 4.419927966258712

61647 3.7807528198922755

52066 3.7042382927603192

48443 3.6889431237014425

43604 3.472924403129123

5671 3.468736706514304

38068 3.4614519518680895

46714 3.4168685462971533

79396 3.357502720577645

53345 2.450445800111298

15606 1.3226670950698136

44746 1.3223612712164934

77790 1.3107249788390463


QueryR116 (DocID Weight):
22679 3.085249167415005

20188 2.309519314540234

77250 2.007781566949799

79559 1.9562357395936267

71555 1.8909000203993132

79369 1.8901949461050325

85143 1.8811260160240537

86514 1.8704638710547434

82616 1.870168406769578

78863 1.8437268064279766

74017 1.8323596249016416

71542 1.8287936722973381

71543 1.8287936722973381

82279 1.7745904147361997

66894 1.771378067470238


QueryR117 (DocID Weight):
37425 0.17475398774945072

21113 0

48566 0

54844 0

60811 0

62586 0

65692 0

67204 0

71102 0

74800 0

79525 0

81694 0

9544 0


QueryR118 (DocID Weight):
80908 3.8768818988903755

20763 3.4581809703987405

28903 3.040659208805049

43173 2.867218232125132

61677 2.8450875472766155

2906 2.832215557402254

64892 2.7539364904827335

84529 2.179895372587409

47129 1.9806422368467105

35104 1.960428102671042

50269 1.9114448317988384

28826 1.8434620291443526

9544 1.7472429259013276

43241 1.7037955048813056

33112 1.5577060766922706


QueryR119 (DocID Weight):
41275 1.2882535426653343

34033 0.8337114703890454

51080 0.4846743352882317

51082 0.4846743352882317

65942 0.2775592514959857

65019 0.10216156268030296

13151 0

13902 0

26074 0

28125 0

35105 0

36308 0

38614 0

51488 0

52752 0


QueryR120 (DocID Weight):
39184 4.571176240444844

48981 3.234483892032469

62781 3.194402778609644

64800 2.3970926991859356

43393 1.6122517042241633

75135 1.3423057075669909

4527 1.2341268242353736

24062 1.2315783157686153

12555 0.949116441697405

78091 0.9162009900905617

21067 0.8928320160136357

25918 0.7934174988749574

78092 0.6681805949148254

20830 0.513238433157516

75338 0.1837915778087149


QueryR121 (DocID Weight):
17004 6.368860610840134

13294 6.1511049256391725

15074 6.1511049256391725

7320 5.798672172510313

3885 5.69502470301234

49980 5.572954452120735

13309 5.5222256357664055

7289 5.463313357978251

14772 5.312490176507607

79604 5.3119147070141945

75621 5.119640671004412

79669 5.119640671004412

6604 5.019502739480258

43938 4.960975038365215

44187 4.906581849100766


QueryR122 (DocID Weight):
38244 7.193909902253941

74775 6.081613012272005

77971 5.301535297941857

84331 5.101968789463284

79418 4.964835704933

13984 4.911980211218271

72052 4.875969301654307

73186 4.875969301654307

76564 4.875969301654307

78866 4.412777293805762

77921 4.154899502666321

80435 4.0443246922836575

54175 3.886709353005634

44818 3.6484204255183332

54747 3.473290122891277


QueryR123 (DocID Weight):
37440 3.6591698041110527

78018 3.318230115760306

26681 3.2987533750708775

55119 3.152700755747773

29079 3.0151395428379475

13485 2.986317646997687

20315 2.9638722314913477

30089 2.630337635186863

47025 2.57121515901208

10515 2.237612521385299

70379 2.1907196968577938

2454 1.5883444986603434

47699 1.5450883527057444

54794 1.5022356421411518

48085 1.482643304083994


QueryR124 (DocID Weight):
21511 2.3557111254624012

19285 2.215379300547747

74036 2.1167133990377702

25328 2.098818591574572

65604 2.0245229971063976

4528 1.985517612513196

9981 1.8895217696514843

7225 1.8036259288243137

53830 1.7524985576622996

61262 1.6991628768380502

46194 1.6746285608134177

14377 1.6717916976081058

30653 1.6649325211792392

13147 1.3922686144791296

69236 1.2344958756217292


QueryR125 (DocID Weight):
77907 4.074994627550731

82519 3.9701047056985477

77381 3.931530134182724

80922 3.5757053813813764

82085 3.5696749816756013

25833 3.523851029183157

76899 3.435584475546716

82106 3.420102264775145

27974 3.418409463177869

9011 2.669365553636295

7970 2.610998606156188

73371 1.9721574305336442

27960 1.8547380681660612

39122 1.8322886073729892

28549 1.8162561442576652


QueryR126 (DocID Weight):
14933 0

15228 0

19953 0

22250 0

38191 0

40554 0

45159 0

45374 0

46655 0

4984 0

56499 0

59083 0

60588 0

63280 0

66301 0


QueryR127 (DocID Weight):
67104 4.183070196244381

40234 3.801611493125299

10706 3.76146269734634

59095 3.3373843433595427

60141 3.3373843433595427

75738 3.297399208883833

40292 3.2672844087178747

26026 2.382138326949356

26144 2.382138326949356

70010 2.2467217116148435

56741 2.0466813839651707

58487 1.93428300704313

62215 1.8863547500699684

62401 1.7526679395690992

68825 1.4621387786878706


QueryR128 (DocID Weight):
3740 5.028623943597199

66961 4.439837301432897

64070 4.409419638612937

70233 4.348707485141292

64033 4.32855509995423

61170 4.328510719444562

24214 4.26817489636463

66923 4.184358957296754

75201 4.127596925404557

27215 4.064371069680587

60528 3.1067639377109635

26085 2.5778040196893173

26088 2.5761582638138907

4933 2.575877630233713

58476 2.4309648055037125


QueryR129 (DocID Weight):
46494 4.351441147228174

72826 4.128548256748918

72899 4.0882166019676625

76669 3.315496529284042

75465 2.870325542393015

44081 2.835589907859756

41297 2.8224463102600903

35148 2.8130992137566757

21791 2.793969649413073

75593 2.7859512149500354

16900 2.7139714814668183

83428 2.579748875517742

82198 2.521629206759791

20126 2.4568105706577477

83268 2.4363689316758714


QueryR130 (DocID Weight):
15776 5.3610172840680415

70556 5.093978079108547

18235 5.0340574353430245

69863 4.717878525331754

75483 4.124902108145075

60528 4.005224983801395

46458 3.54252338147343

60483 3.1206688344858438

4063 1.862292321013375

68037 1.5083413113793507

73550 1.5073031664803926

11715 1.4877952483458592

22585 1.481285958366938

47530 1.451564196892981

22584 0.9802379006489396


QueryR131 (DocID Weight):
26568 3.237743592104375

59502 3.1541752500486115

58957 3.1272917005266967

60118 3.1013812097317652

16170 3.028460784577415

62536 2.9669788996948103

77349 2.6383641320582107

31504 2.636622252166451

31515 2.576534183577902

80756 2.5735788010817853

41975 2.422767663686471

73034 2.4045040068600834

40119 1.812100364466513

41857 1.812100364466513

63056 1.126503549899154


QueryR132 (DocID Weight):
9843 7.848057712676253

7486 7.789151344764452

85553 5.007132766828695

48981 4.915141229411366

79565 3.1709934990460864

67115 3.0672097195277406

68370 2.819115752035891

66981 2.7708134816991556

53133 2.6316343219841576

39184 2.6204730399564897

64294 2.596764483554624

65174 2.532113228214248

68780 2.500840398332718

68784 2.433229326204136

4017 2.408425946893519


QueryR133 (DocID Weight):
74695 6.436817893090482

35853 5.864811341180746

54844 5.12816173998639

74681 4.616394979348995

84398 4.030069541837064

9544 3.474781995349496

71102 3.474287662703338

32662 2.918630718271862

6939 2.7801106400118205

82290 2.5428024822640127

35755 2.4960710440696596

54925 2.4037270569357885

54814 2.358340067658488

37425 2.2561115029427707

67204 2.242196356684449


QueryR134 (DocID Weight):
59659 4.631002044639388

58438 2.8515816328133683

84627 2.679413753944388

75562 2.530652305001662

73397 2.4277262801741415

21172 2.334874354988874

46142 2.2379288405785975

69112 2.2333177496551566

74790 2.1655971587642955

26253 2.160238107950105

60928 2.1457497336281213

53308 2.0051725776515665

3169 1.970250683700918

43806 1.9530536837629648

5870 1.8593865199106396


QueryR135 (DocID Weight):
2738 0

31784 0

34733 0

40131 0

41556 0

42847 0

42848 0

44221 0

46122 0

49229 0

52721 0

57876 0

59518 0

65311 0

65465 0


QueryR136 (DocID Weight):
35104 4.764875145334412

79605 4.3929758960530965

41487 3.9960555948754863

43962 3.7833277686640963

19488 3.2897320777051204

8768 3.1563934249386794

46422 3.1400978287380164

48692 2.8314134950506014

42907 2.581047464224066

15404 2.558406644357749

76750 2.1793538436011235

76779 2.177287173213236

83238 2.1480110882558137

3641 2.108105842285669

60305 2.0637065400625008


QueryR137 (DocID Weight):
66879 5.968174273271908

85322 4.373610347692373

61252 4.321801149926733

81418 3.576601247150319

80107 3.548233044364218

39136 3.517668187707206

78455 3.3632918106678606

80039 3.229071993178647

46874 3.2204106436213777

82828 3.1585382489036338

4650 3.0789433518935594

78483 2.958545064710422

74200 2.922292278186657

21644 2.811216912919755

27297 2.7627107087255864


QueryR138 (DocID Weight):
10228 0

18110 0

18216 0

20785 0

20823 0

20837 0

20892 0

20899 0

21088 0

21089 0

21110 0

22407 0

22446 0

22692 0

22894 0


QueryR139 (DocID Weight):
71102 4.919099664303488

67204 4.567298885518698

54844 2.7646118094909973

9544 2.7608573727196797

50076 2.691582925901231

62586 2.634242627008399

41231 2.6311926254778113

58507 2.623568022704199

79525 2.4469010424122173

81694 2.271426431908579

65692 2.1611245696867396

37425 2.1491041888897944

48566 2.080800417064554

35853 2.002456403592862

79033 1.5041045420852086


QueryR140 (DocID Weight):
25063 3.3029874350545905

58343 3.2897579193313398

6857 3.1753995030017323

44400 3.1117825595708073

45396 3.0362382202235976

22321 2.957169627364405

43139 2.5834283606676594

11825 2.474842890654695

18151 2.3592167860080657

18393 2.3592167860080657

35886 0.8542394494694837

13885 0.8534539970476246

33779 0.8470806925488018

35214 0.8470806925488018

36005 0.8318367535682052


QueryR141 (DocID Weight):
65284 4.02713862375273

60155 3.4571860926876647

62292 3.4403618175741846

60221 3.3415517534365526

58503 2.964311208393344

55848 2.785274010993669

75561 2.5861859697416585

62212 2.5783148829066156

52215 2.532973905598716

62213 2.087894265987183

39864 1.9226616104372725

59351 1.9019644883602802

75471 1.8812622555761225

39972 1.8647080456685292

75641 1.8498290094627068


QueryR142 (DocID Weight):
83869 1.9074267703157792

26011 1.879468721729784

54126 1.80537450387254

68798 1.7753785009951042

34410 1.7353034780631964

53188 1.7275404951301545

54675 1.5594603411682812

7397 1.5078905593426093

28354 1.250336521853074

54716 1.166309239402189

60740 1.1192961876832845

45201 1.0843293835680123

6158 1.00674765127064

9382 0.9336345765546197

86201 0.9071988521940554


QueryR143 (DocID Weight):
72134 4.026310093179067

64896 3.7649145784790696

74605 3.5476980407602547

3666 3.4801495868395325

75564 3.37662751826155

23698 3.2908469221605934

11852 3.059860721407289

63379 3.0403232337747212

11744 2.9439240621869796

21265 2.771837928226814

72032 2.5627003571951628

76550 2.5627003571951628

44232 2.1109828001600226

30864 2.0332000528750016

37657 1.923347809327909


QueryR144 (DocID Weight):
43899 3.860391748282262

27525 3.841963458800485

13135 3.4224460956746254

7359 3.3729649753332076

69511 3.3551186523334575

47896 3.240221970771005

36318 3.0309925611857342

35258 3.0126105058404837

26257 3.0025763354946253

12579 3.000510996764609

12658 2.9948462111049228

19626 2.9833102166901195

74200 2.9307194664028735

3364 2.908623936753488

27535 2.8801907297665514


QueryR145 (DocID Weight):
17654 2.4210166728686655

14501 2.343501728915254

4300 0.8733704022176285

54291 0.849466718180296

11106 0.8237078064014424

41461 0.817042424614737

28025 0.805957342364478

32472 0.8042864249431532

40278 0.7988377841086176

6237 0.7975281608398854

45707 0.7791022265619313

67785 0.7779877322664194

22691 0.7697888550582661

45735 0.7657793592210982

35545 0.7640977050975959


QueryR146 (DocID Weight):
12035 3.3084278077660976

23687 2.8514025624506667

72072 2.677922426929952

49904 2.64542699879494

58000 2.514580689609934

38821 2.3021299435667215

24287 2.047506043619827

70836 1.9221078217411722

12196 1.8634301119490062

54065 1.7577156209145617

12396 1.6636608447094392

11944 0.0

12476 0.0

14541 0.0

15478 0.0


QueryR147 (DocID Weight):
56691 3.868201286691173

27441 3.7933608846248523

64153 3.689276135407241

34675 3.4454654829095155

73146 3.400007420951267

27911 3.262512050581813

81325 2.946998152717553

27845 2.922854967951743

41481 2.9201705140004486

76089 2.690779687738785

76092 2.690779687738785

75754 2.6882849649795943

59813 2.683911654227977

27921 2.5822914416145926

15581 2.5776815306627574


QueryR148 (DocID Weight):
84829 1.5011232041398428

58009 1.4561551536691928

8622 1.4541415611334518

9133 1.4541415611334518

24044 1.4436038974904297

31619 1.3981508518594923

51453 1.3927173054420554

51260 1.3386062718406013

52489 1.3360861470740362

60293 1.3323237017287088

75205 1.276950206730401

85344 1.1795309004778263

52661 1.0735542529904762

85663 1.0619802985562907

55609 0.9557844357420415


QueryR149 (DocID Weight):
41538 4.40563835967694

39661 4.131431155111581

14196 4.11836419560464

39926 3.892693281342388

32400 3.7877612918313854

25529 3.3627773372041667

17390 2.6118452606936065

17360 2.549746066918683

62392 2.5384737247765785

3936 2.501099504622414

72985 1.7913001122818613

25220 1.7862731625640178

30390 1.358141623632168

52385 1.2815052154417053

40902 1.2383295700170878


QueryR150 (DocID Weight):
19409 4.0806024715871825

64482 3.95652547933131

53361 3.78664094455092

19411 3.72466554534526

19420 3.6055533099302286

19885 3.347279109076821

3148 3.220179610947893

50614 2.8286287885874986

54538 2.33520743538167

53269 2.1116828970142723

39907 2.0166810253199787

26648 1.8567415924021407

85997 1.6301731373595494

23361 1.596826940582768

6318 1.2752576507916333


QueryR101 (DocID Weight):
46547 4.808949525356828

46974 4.808949525356828

62325 3.6176921064011616

61329 2.2427440216797345

6146 2.0408576294639675

61780 1.7916575631470457

22170 1.7810619359963218

22513 1.526276808474937

82330 1.1483648825558916

39496 0.9308987475337247

18586 0.0

26642 0.0

26847 0.0

27577 0.0

30647 0.0


QueryR102 (DocID Weight):
58476 5.823485737167832

78836 5.495641590903023

26061 5.460655016045445

57914 5.265119236166676

73038 5.245439394211596

76635 4.9758211292220835

12769 4.794696153528932

12767 4.670583721080316

25096 4.194248355951287

24515 4.135593604256909

82227 4.129659640433181

4358 3.848496509855972

65414 3.6191870317894863

26611 3.6104043775099806

33172 3.4050124082339384


QueryR103 (DocID Weight):
81463 5.392553416431075

14314 4.9301765304722975

27426 4.0556123572607605

27106 3.760753019101675

26385 3.6697485816403965

59459 3.484649918770671

14069 3.435368141035519

54533 3.4260386452339886

83370 3.3154851855348646

20159 3.2616021331234686

26386 3.2463905440041954

79396 3.1963505159483043

26432 3.092516150554382

80988 2.3722646685432864

9272 2.345486235357732


QueryR104 (DocID Weight):
11930 3.149839973494668

11923 3.110372737009522

11481 2.9836078065743448

6636 2.903873422700884

7502 2.887702922529262

49815 2.8872799652868646

3837 2.8682419976600997

12812 2.8592888129035083

11485 2.8193756823701266

3827 2.7616476502244405

12479 2.7304585282338945

25205 2.7173997346008756

65394 2.7147873708817576

15077 2.713288656445983

4306 2.706901130090861


QueryR105 (DocID Weight):
86042 2.9439479729629467

86961 2.9439479729629467

15744 2.9226805235820557

33961 2.8961876827371613

64966 2.868240368428987

51493 2.81595039491145

49633 2.7240784662783852

48148 2.6987107950672025

80483 2.668483324471711

80484 2.668483324471711

80884 2.668483324471711

65210 2.610377225507699

3008 2.584485599671391

5225 2.4972851483861236

5226 2.4972851483861236


QueryR106 (DocID Weight):
16841 6.3973127454546574

73731 5.377994399123417

49023 4.9918702485606286

55891 3.8642742460833235

16723 3.6529483360915798

51441 3.5077966848293087

35782 3.318022592584301

7914 3.3063969716865

68829 3.2550228606931686

8085 2.1911087658033

6386 2.1653231302569056

76556 2.1524121545416883

6409 2.135808090582539

41521 1.865194863341999

2800 1.7301651277430812


QueryR107 (DocID Weight):
71157 4.179212403034411

79950 3.792993865810767

51576 3.775941131627858

77936 3.562900114758747

59244 3.4088079981971777

67107 2.5195040342329063

67411 2.5195040342329063

86459 1.7681827758431983

31404 1.3851444571358915

41791 1.3440457144773479

69377 1.3417674455698438

37330 1.332024991203206

18297 1.311173812163432

18529 1.3079149814644733

78164 1.3039603723871662


QueryR108 (DocID Weight):
82290 5.0177730324319745

5176 4.873117285283896

5177 4.873117285283896

2829 4.839453650218574

10759 4.512077837592886

50314 4.014612092028572

10810 3.9826518522987544

80518 3.8675690327054317

22169 3.642335793075153

19961 3.4662106077078434

22662 3.3416174132944683

26058 3.3044269451666053

8780 3.1277024297065426

82392 2.9667229061200344

81929 2.880754919315378


QueryR109 (DocID Weight):
16953 3.7874179572257254

61540 3.533098566290866

26073 3.527282252368852

64476 3.113861991036844

4933 3.092251888826473

67717 3.0269907577226496

16575 2.8313496699425267

78626 2.627867428075033

34684 2.5498806727557572

23398 2.5062982850286635

73598 2.360371769955457

15776 2.3419989998175303

51139 2.2323580241070653

24340 2.2067923314859725

29314 2.164562451201881


QueryR110 (DocID Weight):
38920 5.352723339180552

42439 4.852026366483653

38356 4.733659007893497

41791 4.717509958513725

85147 4.707106929342313

72320 4.5697049998672465

78595 4.217477140754739

71167 4.088274687546097

16827 4.0809042613102

25590 3.7690733165237886

28185 3.466721472697595

18552 3.3794794753714297

23408 3.3794794753714297

6163 3.146401660765967

82926 2.6230796045436935


QueryR111 (DocID Weight):
18100 2.405977031630881

18163 2.405977031630881

18164 2.405977031630881

28923 2.3137543544907113

18706 2.2981786157666377

75763 2.2943173925357794

13057 2.097015687832792

19440 2.07266686067945

22382 2.016503497676859

52020 1.9933607210341457

18859 1.7414387197074688

47049 1.6195137133870579

66338 1.5532001759775094

45422 1.4775732250267242

46485 1.4664659717168556


QueryR112 (DocID Weight):
70466 6.151825464182469

59464 5.993558282594642

78115 5.960717277030692

78269 5.895209223557741

83201 5.482922621088553

85553 5.452390188403734

58748 4.748195500528865

5166 4.6750302579714145

53046 4.606745811643466

81350 4.371999920711504

12858 3.3259088550764586

48882 3.122460462664284

34745 3.055542667664164

41121 3.0247724329125196

68780 2.881610001978317


QueryR113 (DocID Weight):
17030 4.324296065973615

17217 4.324296065973615

13685 4.081482270062764

25500 3.8719755051558273

79404 2.7895795176629625

13690 2.7240355083759566

2323 2.7128148626467032

4053 2.7128148626467032

7722 2.6938974422819983

40234 2.6893712778077234

2451 2.5328417321923884

86541 2.481971388337451

37816 2.439467664322958

36588 2.43175730883985

76103 2.3289681052072844


QueryR114 (DocID Weight):
18879 5.21543152253089

38452 4.453975898479318

60810 4.3811326401143535

72354 3.5552468168379323

26700 3.4614390002158086

25303 3.43331934321998

28014 3.390795895705399

21110 3.2354138398914523

38330 2.9750309698205966

78708 2.8154190873596225

58634 2.1951552564302745

24474 2.030220392850454

37685 1.7152242744310215

55340 1.4393557695455466

57956 1.4393557695455466


QueryR115 (DocID Weight):
50020 5.373702331010481

58137 4.569340481108306

76605 4.419927966258712

61647 3.7807528198922755

52066 3.7042382927603192

48443 3.6889431237014425

43604 3.472924403129123

5671 3.468736706514304

38068 3.4614519518680895

46714 3.4168685462971533

79396 3.357502720577645

53345 2.450445800111298

15606 1.3226670950698136

44746 1.3223612712164934

77790 1.3107249788390463


QueryR116 (DocID Weight):
22679 3.085249167415005

20188 2.309519314540234

77250 2.007781566949799

79559 1.9562357395936267

71555 1.8909000203993132

79369 1.8901949461050325

85143 1.8811260160240537

86514 1.8704638710547434

82616 1.870168406769578

78863 1.8437268064279766

74017 1.8323596249016416

71542 1.8287936722973381

71543 1.8287936722973381

82279 1.7745904147361997

66894 1.771378067470238


QueryR117 (DocID Weight):
37425 0.17475398774945072

21113 0

48566 0

54844 0

60811 0

62586 0

65692 0

67204 0

71102 0

74800 0

79525 0

81694 0

9544 0


QueryR118 (DocID Weight):
80908 3.8768818988903755

20763 3.4581809703987405

28903 3.040659208805049

43173 2.867218232125132

61677 2.8450875472766155

2906 2.832215557402254

64892 2.7539364904827335

84529 2.179895372587409

47129 1.9806422368467105

35104 1.960428102671042

50269 1.9114448317988384

28826 1.8434620291443526

9544 1.7472429259013276

43241 1.7037955048813056

33112 1.5577060766922706


QueryR119 (DocID Weight):
41275 1.2882535426653343

34033 0.8337114703890454

51080 0.4846743352882317

51082 0.4846743352882317

65942 0.2775592514959857

65019 0.10216156268030296

13151 0

13902 0

26074 0

28125 0

35105 0

36308 0

38614 0

51488 0

52752 0


QueryR120 (DocID Weight):
39184 4.571176240444844

48981 3.234483892032469

62781 3.194402778609644

64800 2.3970926991859356

43393 1.6122517042241633

75135 1.3423057075669909

4527 1.2341268242353736

24062 1.2315783157686153

12555 0.949116441697405

78091 0.9162009900905617

21067 0.8928320160136357

25918 0.7934174988749574

78092 0.6681805949148254

20830 0.513238433157516

75338 0.1837915778087149


QueryR121 (DocID Weight):
17004 6.368860610840134

13294 6.1511049256391725

15074 6.1511049256391725

7320 5.798672172510313

3885 5.69502470301234

49980 5.572954452120735

13309 5.5222256357664055

7289 5.463313357978251

14772 5.312490176507607

79604 5.3119147070141945

75621 5.119640671004412

79669 5.119640671004412

6604 5.019502739480258

43938 4.960975038365215

44187 4.906581849100766


QueryR122 (DocID Weight):
38244 7.193909902253941

74775 6.081613012272005

77971 5.301535297941857

84331 5.101968789463284

79418 4.964835704933

13984 4.911980211218271

72052 4.875969301654307

73186 4.875969301654307

76564 4.875969301654307

78866 4.412777293805762

77921 4.154899502666321

80435 4.0443246922836575

54175 3.886709353005634

44818 3.6484204255183332

54747 3.473290122891277


QueryR123 (DocID Weight):
37440 3.6591698041110527

78018 3.318230115760306

26681 3.2987533750708775

55119 3.152700755747773

29079 3.0151395428379475

13485 2.986317646997687

20315 2.9638722314913477

30089 2.630337635186863

47025 2.57121515901208

10515 2.237612521385299

70379 2.1907196968577938

2454 1.5883444986603434

47699 1.5450883527057444

54794 1.5022356421411518

48085 1.482643304083994


QueryR124 (DocID Weight):
21511 2.3557111254624012

19285 2.215379300547747

74036 2.1167133990377702

25328 2.098818591574572

65604 2.0245229971063976

4528 1.985517612513196

9981 1.8895217696514843

7225 1.8036259288243137

53830 1.7524985576622996

61262 1.6991628768380502

46194 1.6746285608134177

14377 1.6717916976081058

30653 1.6649325211792392

13147 1.3922686144791296

69236 1.2344958756217292


QueryR125 (DocID Weight):
77907 4.074994627550731

82519 3.9701047056985477

77381 3.931530134182724

80922 3.5757053813813764

82085 3.5696749816756013

25833 3.523851029183157

76899 3.435584475546716

82106 3.420102264775145

27974 3.418409463177869

9011 2.669365553636295

7970 2.610998606156188

73371 1.9721574305336442

27960 1.8547380681660612

39122 1.8322886073729892

28549 1.8162561442576652


QueryR126 (DocID Weight):
14933 0

15228 0

19953 0

22250 0

38191 0

40554 0

45159 0

45374 0

46655 0

4984 0

56499 0

59083 0

60588 0

63280 0

66301 0


QueryR127 (DocID Weight):
67104 4.183070196244381

40234 3.801611493125299

10706 3.76146269734634

59095 3.3373843433595427

60141 3.3373843433595427

75738 3.297399208883833

40292 3.2672844087178747

26026 2.382138326949356

26144 2.382138326949356

70010 2.2467217116148435

56741 2.0466813839651707

58487 1.93428300704313

62215 1.8863547500699684

62401 1.7526679395690992

68825 1.4621387786878706


QueryR128 (DocID Weight):
3740 5.028623943597199

66961 4.439837301432897

64070 4.409419638612937

70233 4.348707485141292

64033 4.32855509995423

61170 4.328510719444562

24214 4.26817489636463

66923 4.184358957296754

75201 4.127596925404557

27215 4.064371069680587

60528 3.1067639377109635

26085 2.5778040196893173

26088 2.5761582638138907

4933 2.575877630233713

58476 2.4309648055037125


QueryR129 (DocID Weight):
46494 4.351441147228174

72826 4.128548256748918

72899 4.0882166019676625

76669 3.315496529284042

75465 2.870325542393015

44081 2.835589907859756

41297 2.8224463102600903

35148 2.8130992137566757

21791 2.793969649413073

75593 2.7859512149500354

16900 2.7139714814668183

83428 2.579748875517742

82198 2.521629206759791

20126 2.4568105706577477

83268 2.4363689316758714


QueryR130 (DocID Weight):
15776 5.3610172840680415

70556 5.093978079108547

18235 5.0340574353430245

69863 4.717878525331754

75483 4.124902108145075

60528 4.005224983801395

46458 3.54252338147343

60483 3.1206688344858438

4063 1.862292321013375

68037 1.5083413113793507

73550 1.5073031664803926

11715 1.4877952483458592

22585 1.481285958366938

47530 1.451564196892981

22584 0.9802379006489396


QueryR131 (DocID Weight):
26568 3.237743592104375

59502 3.1541752500486115

58957 3.1272917005266967

60118 3.1013812097317652

16170 3.028460784577415

62536 2.9669788996948103

77349 2.6383641320582107

31504 2.636622252166451

31515 2.576534183577902

80756 2.5735788010817853

41975 2.422767663686471

73034 2.4045040068600834

40119 1.812100364466513

41857 1.812100364466513

63056 1.126503549899154


QueryR132 (DocID Weight):
9843 7.848057712676253

7486 7.789151344764452

85553 5.007132766828695

48981 4.915141229411366

79565 3.1709934990460864

67115 3.0672097195277406

68370 2.819115752035891

66981 2.7708134816991556

53133 2.6316343219841576

39184 2.6204730399564897

64294 2.596764483554624

65174 2.532113228214248

68780 2.500840398332718

68784 2.433229326204136

4017 2.408425946893519


QueryR133 (DocID Weight):
74695 6.436817893090482

35853 5.864811341180746

54844 5.12816173998639

74681 4.616394979348995

84398 4.030069541837064

9544 3.474781995349496

71102 3.474287662703338

32662 2.918630718271862

6939 2.7801106400118205

82290 2.5428024822640127

35755 2.4960710440696596

54925 2.4037270569357885

54814 2.358340067658488

37425 2.2561115029427707

67204 2.242196356684449


QueryR134 (DocID Weight):
59659 4.631002044639388

58438 2.8515816328133683

84627 2.679413753944388

75562 2.530652305001662

73397 2.4277262801741415

21172 2.334874354988874

46142 2.2379288405785975

69112 2.2333177496551566

74790 2.1655971587642955

26253 2.160238107950105

60928 2.1457497336281213

53308 2.0051725776515665

3169 1.970250683700918

43806 1.9530536837629648

5870 1.8593865199106396


QueryR135 (DocID Weight):
2738 0

31784 0

34733 0

40131 0

41556 0

42847 0

42848 0

44221 0

46122 0

49229 0

52721 0

57876 0

59518 0

65311 0

65465 0


QueryR136 (DocID Weight):
35104 4.764875145334412

79605 4.3929758960530965

41487 3.9960555948754863

43962 3.7833277686640963

19488 3.2897320777051204

8768 3.1563934249386794

46422 3.1400978287380164

48692 2.8314134950506014

42907 2.581047464224066

15404 2.558406644357749

76750 2.1793538436011235

76779 2.177287173213236

83238 2.1480110882558137

3641 2.108105842285669

60305 2.0637065400625008


QueryR137 (DocID Weight):
66879 5.968174273271908

85322 4.373610347692373

61252 4.321801149926733

81418 3.576601247150319

80107 3.548233044364218

39136 3.517668187707206

78455 3.3632918106678606

80039 3.229071993178647

46874 3.2204106436213777

82828 3.1585382489036338

4650 3.0789433518935594

78483 2.958545064710422

74200 2.922292278186657

21644 2.811216912919755

27297 2.7627107087255864


QueryR138 (DocID Weight):
10228 0

18110 0

18216 0

20785 0

20823 0

20837 0

20892 0

20899 0

21088 0

21089 0

21110 0

22407 0

22446 0

22692 0

22894 0


QueryR139 (DocID Weight):
71102 4.919099664303488

67204 4.567298885518698

54844 2.7646118094909973

9544 2.7608573727196797

50076 2.691582925901231

62586 2.634242627008399

41231 2.6311926254778113

58507 2.623568022704199

79525 2.4469010424122173

81694 2.271426431908579

65692 2.1611245696867396

37425 2.1491041888897944

48566 2.080800417064554

35853 2.002456403592862

79033 1.5041045420852086


QueryR140 (DocID Weight):
25063 3.3029874350545905

58343 3.2897579193313398

6857 3.1753995030017323

44400 3.1117825595708073

45396 3.0362382202235976

22321 2.957169627364405

43139 2.5834283606676594

11825 2.474842890654695

18151 2.3592167860080657

18393 2.3592167860080657

35886 0.8542394494694837

13885 0.8534539970476246

33779 0.8470806925488018

35214 0.8470806925488018

36005 0.8318367535682052


QueryR141 (DocID Weight):
65284 4.02713862375273

60155 3.4571860926876647

62292 3.4403618175741846

60221 3.3415517534365526

58503 2.964311208393344

55848 2.785274010993669

75561 2.5861859697416585

62212 2.5783148829066156

52215 2.532973905598716

62213 2.087894265987183

39864 1.9226616104372725

59351 1.9019644883602802

75471 1.8812622555761225

39972 1.8647080456685292

75641 1.8498290094627068


QueryR142 (DocID Weight):
83869 1.9074267703157792

26011 1.879468721729784

54126 1.80537450387254

68798 1.7753785009951042

34410 1.7353034780631964

53188 1.7275404951301545

54675 1.5594603411682812

7397 1.5078905593426093

28354 1.250336521853074

54716 1.166309239402189

60740 1.1192961876832845

45201 1.0843293835680123

6158 1.00674765127064

9382 0.9336345765546197

86201 0.9071988521940554


QueryR143 (DocID Weight):
72134 4.026310093179067

64896 3.7649145784790696

74605 3.5476980407602547

3666 3.4801495868395325

75564 3.37662751826155

23698 3.2908469221605934

11852 3.059860721407289

63379 3.0403232337747212

11744 2.9439240621869796

21265 2.771837928226814

72032 2.5627003571951628

76550 2.5627003571951628

44232 2.1109828001600226

30864 2.0332000528750016

37657 1.923347809327909


QueryR144 (DocID Weight):
43899 3.860391748282262

27525 3.841963458800485

13135 3.4224460956746254

7359 3.3729649753332076

69511 3.3551186523334575

47896 3.240221970771005

36318 3.0309925611857342

35258 3.0126105058404837

26257 3.0025763354946253

12579 3.000510996764609

12658 2.9948462111049228

19626 2.9833102166901195

74200 2.9307194664028735

3364 2.908623936753488

27535 2.8801907297665514


QueryR145 (DocID Weight):
17654 2.4210166728686655

14501 2.343501728915254

4300 0.8733704022176285

54291 0.849466718180296

11106 0.8237078064014424

41461 0.817042424614737

28025 0.805957342364478

32472 0.8042864249431532

40278 0.7988377841086176

6237 0.7975281608398854

45707 0.7791022265619313

67785 0.7779877322664194

22691 0.7697888550582661

45735 0.7657793592210982

35545 0.7640977050975959


QueryR146 (DocID Weight):
12035 3.3084278077660976

23687 2.8514025624506667

72072 2.677922426929952

49904 2.64542699879494

58000 2.514580689609934

38821 2.3021299435667215

24287 2.047506043619827

70836 1.9221078217411722

12196 1.8634301119490062

54065 1.7577156209145617

12396 1.6636608447094392

11944 0.0

12476 0.0

14541 0.0

15478 0.0


QueryR147 (DocID Weight):
56691 3.868201286691173

27441 3.7933608846248523

64153 3.689276135407241

34675 3.4454654829095155

73146 3.400007420951267

27911 3.262512050581813

81325 2.946998152717553

27845 2.922854967951743

41481 2.9201705140004486

76089 2.690779687738785

76092 2.690779687738785

75754 2.6882849649795943

59813 2.683911654227977

27921 2.5822914416145926

15581 2.5776815306627574


QueryR148 (DocID Weight):
84829 1.5011232041398428

58009 1.4561551536691928

8622 1.4541415611334518

9133 1.4541415611334518

24044 1.4436038974904297

31619 1.3981508518594923

51453 1.3927173054420554

51260 1.3386062718406013

52489 1.3360861470740362

60293 1.3323237017287088

75205 1.276950206730401

85344 1.1795309004778263

52661 1.0735542529904762

85663 1.0619802985562907

55609 0.9557844357420415


QueryR149 (DocID Weight):
41538 4.40563835967694

39661 4.131431155111581

14196 4.11836419560464

39926 3.892693281342388

32400 3.7877612918313854

25529 3.3627773372041667

17390 2.6118452606936065

17360 2.549746066918683

62392 2.5384737247765785

3936 2.501099504622414

72985 1.7913001122818613

25220 1.7862731625640178

30390 1.358141623632168

52385 1.2815052154417053

40902 1.2383295700170878


QueryR150 (DocID Weight):
19409 4.0806024715871825

64482 3.95652547933131

53361 3.78664094455092

19411 3.72466554534526

19420 3.6055533099302286

19885 3.347279109076821

3148 3.220179610947893

50614 2.8286287885874986

54538 2.33520743538167

53269 2.1116828970142723

39907 2.0166810253199787

26648 1.8567415924021407

85997 1.6301731373595494

23361 1.596826940582768

6318 1.2752576507916333


