Top 15 Documents for R101 (DocID Weight):
46547 15.245149885647479

46974 15.245149885647479

61780 11.59038190976889

62325 11.49934456550313

6146 11.37962046720219

22170 10.386676019911182

61329 7.607123049120485

22513 6.004643329735181

82330 5.171858820631449

39496 4.281269068606942

77909 0.7606545880628126

82454 0.6588660541162447

63261 0.6309630891751913

80950 0.6044088982872877

83167 0.6044088982872877


Top 15 Documents for R102 (DocID Weight):
58476 23.322694102951875

12767 20.92085306353007

73038 20.879365300726544

12769 20.876481071007984

11922 20.691348396804216

26061 20.109263275803855

76635 19.372660194320794

78836 18.4943349896246

65414 17.60336010384265

70306 16.479287517838515

24485 14.706218198951687

14713 14.417338822941899

10182 13.606916263985713

4358 13.354088428989805

82227 13.289353873503266


Top 15 Documents for R103 (DocID Weight):
81463 15.316438639661422

26386 13.930778156589849

26432 13.439904932085279

26385 12.978408664504773

27426 11.82891888021093

59459 11.103386192404932

82912 10.263765736655523

83370 10.240275202488862

14069 10.22876499724054

20159 9.904498260857963

79396 9.725627253947843

26258 8.924666275676401

27106 8.243212616366167

85889 8.205442957690696

56704 7.0743306526352825


Top 15 Documents for R104 (DocID Weight):
6636 13.704419690170315

4881 13.361071747316743

15082 13.309691192554348

29908 13.246726272968914

11485 13.170271690450969

28662 13.092074413547195

29894 13.01234491930736

29904 12.874063131660108

35396 12.86995373137121

26611 12.742011804190845

11930 12.73695467133932

6498 12.675450188522575

7115 12.67409342708673

24490 12.594045734832978

11923 12.529322756030528


Top 15 Documents for R105 (DocID Weight):
5225 16.751349634313833

5226 16.751349634313833

5004 15.941517803378172

2493 15.856311962392772

2494 15.856311962392772

48148 13.254424963156284

49633 13.001004157203681

86042 12.266441020470523

86961 12.266441020470523

3008 11.328829052513331

5223 10.87253530925081

80483 10.111659546525205

80484 10.111659546525205

80884 10.111659546525205

33961 9.10505571689813


Top 15 Documents for R106 (DocID Weight):
16841 12.204474790559193

41521 10.420249106846885

6386 8.846563924118076

70606 8.642963876628368

68829 8.357096248377877

35782 8.011987076856306

86068 7.703045718813463

55891 7.612619748416816

67169 7.404500178013755

16723 7.21347658046871

76556 6.952339996930405

41355 6.809304246405187

32528 6.538542088853012

47424 6.528783536138524

76481 6.507715617176619


Top 15 Documents for R107 (DocID Weight):
79950 25.311038346334755

86459 16.56858574787884

45168 14.012334997297717

47338 13.855035285110011

48786 12.898386600260633

59244 12.865112503322742

63648 12.230261131100491

23437 11.7289237109253

71157 10.886829731741225

59521 9.928699969996904

41791 9.641364457272225

15865 8.819452108264922

77936 8.803238512169285

51576 8.62463142589644

20760 8.578427591916192


Top 15 Documents for R108 (DocID Weight):
82290 14.976000726044115

19961 13.578402649358374

10810 13.517368271985736

5176 13.017771696618002

5177 13.017771696618002

2829 12.25287306919934

80518 11.6429283913413

10759 10.855313976206109

33970 10.420263913491905

26058 10.045879983252737

49600 9.867107703638762

82392 9.478940393403962

8780 9.444908855635083

81929 9.20349736817763

22169 9.05033291656047


Top 15 Documents for R109 (DocID Weight):
16953 16.904454469391634

26073 14.587305039570403

64476 14.351877965038328

67717 13.697972393630408

4933 13.648135545000692

65289 13.304213643066301

23398 13.12839855307325

15776 12.835905667746054

16575 11.325807827653652

51139 9.744635822898957

73598 9.638088467732986

61540 9.585861147256729

34684 9.30590790860576

25832 9.224907840801244

78626 8.316618423049839


Top 15 Documents for R110 (DocID Weight):
41791 16.299661811054158

18552 15.672539174013295

23408 15.672539174013295

42439 15.666526613897052

85147 15.51666214801873

38356 14.994021633135105

25590 14.727755820291526

6163 14.492280863187755

28185 14.205596721346136

82926 11.88205224387764

60334 8.3528000808463

72320 6.109214572131247

38920 5.459705663257159

71167 4.470879410140024

78595 4.39705260952936


Top 15 Documents for R111 (DocID Weight):
19440 14.388665460307172

18100 14.221586486886865

18163 14.221586486886865

18164 14.221586486886865

18859 11.798584166549054

7776 11.681460326240249

45422 11.000078321861334

46485 10.945125883686504

46968 10.945125883686504

23643 9.787740872679361

52020 9.429208355035248

27440 7.348339234015894

18798 6.935919471133924

49617 6.768361127546342

4157 5.784460614990345


Top 15 Documents for R112 (DocID Weight):
59464 22.099154523777006

83201 21.615842175592466

70466 21.482850219702993

5166 19.67849800344449

78115 19.456949363969485

81350 19.092945088392742

85553 19.07106048430167

53046 18.590123272405222

78269 17.929548265052468

58748 15.704240622560087

38350 14.563345022131596

12858 12.660146983354503

27128 12.053691352787308

85601 10.899121530962024

22002 10.832359226604593


Top 15 Documents for R113 (DocID Weight):
13685 14.63591402575964

40234 13.897624866228439

86541 13.484377208185903

17030 12.769802550110052

17217 12.769802550110052

13690 12.475033591996588

79404 11.754859009512732

36588 10.39076772344679

25500 9.344230723586485

24251 9.220904973236271

76103 7.928685107144463

75767 7.757241046943951

43262 7.705009916606101

86209 6.7970745236730155

37815 5.638955695686087


Top 15 Documents for R114 (DocID Weight):
38452 15.962127228463968

38330 14.873689847063703

60810 14.750440518529665

25303 14.066663212470834

26700 13.868082656633497

18879 13.746632004243242

28014 13.585262714743452

58634 12.763282641356412

21110 12.693873892563907

78708 11.020992999436379

55340 9.868734297233111

57956 9.868734297233111

72354 9.460015353592373

16921 7.732481925299237

20834 4.938046417614659


Top 15 Documents for R115 (DocID Weight):
76605 16.61144001127458

58137 14.197745527416764

79396 14.062149381935658

43604 11.542286244409095

35782 11.187974830799542

5671 10.877005958074198

15606 10.444675013879161

46714 10.221371764189541

38068 9.956610719034371

61561 9.902339367720606

9611 9.63533291522461

62221 9.595072586911424

57152 8.8836738564952

61647 8.84623197276723

80477 8.691963507266205


Top 15 Documents for R116 (DocID Weight):
82679 12.796592804113027

22679 12.501376735272213

52940 11.521513124153469

66894 11.361525734852979

79369 9.578659037211251

75243 9.451921943536458

78863 9.217442627667026

86514 8.997759090148914

82616 8.95518801057575

82598 8.911508167775308

82279 8.871010128914923

68716 8.471211358101252

52741 7.9278668238923

74010 7.867239667744723

71555 7.643444342300363


Top 15 Documents for R117 (DocID Weight):
9544 6.517436158694664

60811 6.083432179877101

67204 4.556523144110669

65692 4.480016569173454

37425 3.987907611561853

79525 3.5606093350709345

21113 3.341113822700626

48566 3.283333890251524

71102 3.20585009043916

54844 2.4790426015932203

62586 1.7647894692003359

81694 0.34628279573913856

74800 0.2782630687407497


Top 15 Documents for R118 (DocID Weight):
35104 13.854547782109817

80908 12.714649870380484

43173 12.56191158579693

2906 12.402751578723867

43241 12.385711821744323

50269 11.603155787692296

20763 11.481417281263907

28903 11.434546721227747

9544 10.984635323731085

63369 10.45735253850541

26058 10.171828270557858

28826 8.996351263698873

64892 8.564358971655794

57755 8.560824803295597

61677 8.480950683158252


Top 15 Documents for R119 (DocID Weight):
34033 1.8407261100940404

63279 1.09395603646791

41275 0.6292929922362744

65019 0.3777784354385023

36308 0.13792807804531898

13151 0

13902 0

26074 0

28125 0

35105 0

38614 0

51080 0

51082 0

51488 0

52752 0


Top 15 Documents for R120 (DocID Weight):
39184 8.804704493415429

78091 5.376061915884105

78092 4.584791128415934

48981 4.510214736437901

69629 3.869889487180731

71406 3.869889487180731

64800 3.162467529692966

62781 2.3515710502799347

43393 2.2382328575298556

24062 2.184579020355633

16241 2.0908514967130474

69633 1.8852362562660883

3156 1.5757375944164387

71948 1.4127357705535328

39652 1.122450582521634


Top 15 Documents for R121 (DocID Weight):
17004 20.743534047356764

13294 20.650982040614124

15074 20.650982040614124

14772 18.48510112047111

13309 17.50057037325153

7320 17.254875112602292

7289 16.978852372742992

75621 16.94624082398381

79669 16.94624082398381

49980 16.900543480654424

11445 15.219364519364214

3885 15.068811102007052

44187 14.931772322212527

79604 14.12568649138345

58913 14.020692159383472


Top 15 Documents for R122 (DocID Weight):
38244 21.459567914341235

72052 17.84796549735008

73186 17.84796549735008

76564 17.84796549735008

79418 16.068000033381118

80435 16.00922986441455

74775 15.539605754939291

78866 14.788953591901398

54175 12.983583575331437

77921 12.806859198431871

44818 12.463847411979415

77971 12.280950883616846

84331 12.217941880910805

54157 11.883572189905875

54747 11.854717056222285


Top 15 Documents for R123 (DocID Weight):
37440 10.308463721209336

26681 8.768404112908021

78018 8.038549420060425

55119 7.672485610799868

29079 7.229392495840077

20315 7.062108566788594

13485 6.620431122963927

30089 6.473502360338236

10515 6.235934540158276

47025 6.225538831986666

70379 5.610973113791469

48085 4.883091003963827

2454 4.543142502293926

42824 4.47482754495478

54794 4.383158628739831


Top 15 Documents for R124 (DocID Weight):
19285 11.108580288980695

21511 9.350341690670476

25328 9.339035405682118

74036 8.957349003343142

65604 8.566206215469133

30653 8.421765881891197

61262 8.408186492079766

4528 8.177542498238267

7225 7.768663143237764

9981 7.181427222902987

46194 6.626575717770652

53830 6.4230395149541915

14377 6.380077721972541

69236 5.597879564841392

78418 5.516755638346134


Top 15 Documents for R125 (DocID Weight):
77381 16.889585642557545

77907 16.1254586668148

25833 14.972325791567465

82106 13.905207999811092

27974 13.704216434581229

80922 13.65405734147887

82519 13.54764714466746

82085 12.278977776092697

73371 11.235524462515773

9011 11.095787761027522

7970 10.880594830177628

39122 10.486258931811864

76899 9.88684110193986

40800 7.8018370337307

27960 6.917382029047277


Top 15 Documents for R126 (DocID Weight):
14933 0

15228 0

19953 0

22250 0

38191 0

40554 0

45159 0

45374 0

46655 0

4984 0

56499 0

59083 0

60588 0

63280 0

66301 0


Top 15 Documents for R127 (DocID Weight):
58487 16.37586301274662

62215 15.916237882839127

59095 15.476153916249427

60141 15.476153916249427

10706 13.455856613025027

62401 12.212204665317898

26026 8.91866327547042

26144 8.91866327547042

40292 7.246231049174574

75738 6.928876682056483

40234 6.71977932408096

59087 5.872852714270179

5166 5.748788514502793

70010 5.4973329446106

67104 5.386606175479909


Top 15 Documents for R128 (DocID Weight):
3740 19.670022676510776

75201 17.477331992249187

70233 16.022677145164824

64070 14.111314953475429

61170 14.063053986996115

56170 13.058908732696544

60528 13.034331425463364

71345 11.997009589993429

39335 11.764201080979316

66923 11.559944201259498

26085 11.516607809698336

26088 11.502994073788994

3972 11.364185813677341

58476 11.039191554273492

37136 10.982543551454583


Top 15 Documents for R129 (DocID Weight):
72826 11.602255060613995

21791 11.589142317581112

75465 11.555083730261867

72899 11.500507197975914

75593 11.28793921051913

46494 10.132675789679485

41297 9.782310276096473

83428 9.606626736498793

82198 9.52764618505104

83266 9.17590361466924

83268 9.124875821482947

83958 8.708051305290113

83312 8.61120555529344

44081 8.357067013517804

35148 8.298305452450432


Top 15 Documents for R130 (DocID Weight):
15776 24.006950675953806

46458 20.931406389959406

18235 18.8981114260252

70556 18.76514800294329

69863 17.103333304781117

75483 13.647079092042866

47530 10.956492443438151

60528 9.310327917392776

11715 7.573351525868503

60483 6.205186225039014

4063 4.975667233359274

68037 4.714960624836168

73550 4.027208237702498

22585 3.9576955363650606

70456 3.3432249122634516


Top 15 Documents for R131 (DocID Weight):
77349 11.96671878201634

59502 11.44539913467939

60118 11.20865675744693

36601 10.35272947431353

39433 10.22615137969029

58957 10.134410676651592

62536 8.668369508331637

31515 7.924711178458337

41975 7.852299562406146

26568 7.546539555874249

73034 7.3605554890498865

63056 7.1921440535499785

16170 7.137242875008631

31504 6.610133087206313

80756 5.9705845271670395


Top 15 Documents for R132 (DocID Weight):
85553 18.027093588605776

9843 17.841194034910842

54214 17.383116112946862

54492 16.694037031917492

71676 15.512247123345276

48981 15.101899319875674

71710 13.766287832977545

39184 13.503132124671877

37594 12.857965831733779

68780 12.686513149630747

7486 12.132734505891996

64800 10.853042240169849

86326 10.651771512542537

53131 10.380844013819345

66981 10.032915005403439


Top 15 Documents for R133 (DocID Weight):
67204 22.447070239277227

71102 22.06079603320314

35853 21.288176689234767

9544 21.045886755358136

54925 16.921382259760748

54814 16.328284359342785

84398 13.947201261153293

37672 12.592177209129817

54844 12.02579516753085

74695 11.99099879792093

79525 11.372074717998652

58507 10.041862234851775

57569 9.889818382668553

32662 9.650577770191788

60811 9.609223813305224


Top 15 Documents for R134 (DocID Weight):
73397 9.955524041167955

58438 9.648117440927518

75562 8.802852735728111

60928 8.502807161428358

74917 8.396114030766315

73337 7.556767946619332

59659 7.483167158202095

74790 7.385188941150773

53308 7.379798158322204

3169 7.246654336453425

5870 6.753212238212707

13142 6.489242104289347

43806 5.816547323502905

21172 5.730636199848634

10616 4.949618826103387


Top 15 Documents for R135 (DocID Weight):
42848 1.0347968339169424

57876 1.0331992216709915

71894 0.9034582727172269

42847 0.5560590473642941

2738 0.2320427539867585

46122 0.21082424477777373

49229 0.21082424477777373

31784 0

34733 0

40131 0

41556 0

44221 0

52721 0

59518 0

65311 0


Top 15 Documents for R136 (DocID Weight):
35104 8.731791010429372

34428 6.7715168695957715

48692 6.077353434980424

11114 5.861386034093684

43962 5.653446033326698

76750 5.41516880988047

76779 5.41051616330925

79605 5.2353268293191295

19488 5.040898878425283

61191 5.010666453857161

19365 4.8238346508419285

46422 4.593515402715371

54695 4.537183626889547

15404 4.43302464046682

55797 4.303936356080499


Top 15 Documents for R137 (DocID Weight):
66879 16.6468415957893

61252 14.45355583716224

85322 13.251931260562595

39136 10.298849213590652

46874 10.139298930477612

65604 9.733097993631311

49235 9.340604899550303

27297 9.044667267699928

80107 8.1202679896648

81418 8.032630091511582

78455 7.9938268672895

53354 7.661692742113643

82828 7.246755546851585

33539 7.195616430350866

85108 7.123161503846256


Top 15 Documents for R138 (DocID Weight):
21088 0.81060543725747

10228 0

18110 0

18216 0

20785 0

20823 0

20837 0

20892 0

20899 0

21089 0

21110 0

22407 0

22446 0

22692 0

22894 0


Top 15 Documents for R139 (DocID Weight):
71102 16.265122466694887

67204 15.530628589543687

9544 15.155967380233871

35853 13.642187661831871

79525 12.573978058351912

54844 12.483419162455204

65692 12.454607553344648

48566 11.997942171225464

58507 11.124579937127034

21113 10.495116151075887

79033 8.884134040807524

37425 8.16390766719901

81694 7.58478516923886

62586 7.4683109522355755

5166 3.8579780641147066


Top 15 Documents for R140 (DocID Weight):
44400 13.655515780793323

42862 11.722411554989515

42990 11.722411554989515

33779 10.784454113239407

35214 10.784454113239407

18151 10.319862576032632

18393 10.319862576032632

57378 9.758146706523819

58343 9.576183882978874

36005 9.125052017827485

25063 8.805042613494496

13069 8.61386975237641

13065 8.40486121375786

22321 8.382522198895845

35886 8.374117291652443


Top 15 Documents for R141 (DocID Weight):
78720 12.869477310462019

19505 12.38718381191951

25144 11.92099526596837

81592 11.647273464964467

60221 11.169984989803721

60155 10.944055049793457

85236 10.66856558766053

35053 10.661278133993244

58503 10.388299944111557

62292 10.280542895404142

75561 9.799705805089966

62213 9.727837239590944

86878 9.672116877445692

52215 9.330903703373908

58514 9.107175041201616


Top 15 Documents for R142 (DocID Weight):
38696 11.978516278904884

28354 10.56602529284712

54126 9.865560129370659

7397 9.837566565449071

26011 8.207297907637855

34410 7.2705990872548645

45201 7.165381337227492

83869 6.961322339675656

60740 6.428625519122593

9382 6.39015390262414

53188 6.255090451410094

54675 5.691388146458568

50474 5.2863117401245425

41614 5.131768448670135

39840 5.037230437928196


Top 15 Documents for R143 (DocID Weight):
64896 10.900978271620746

63379 9.854153034334324

75564 8.450730933158143

23698 8.084051984094767

11852 7.316723082717829

60421 7.225872947447983

74605 6.895096989989353

11744 6.760540219425871

28717 6.503715064397937

72134 6.3052645158306175

3666 6.163371620676844

72032 6.058934456930844

76550 6.058934456930844

44232 5.9188918474539065

62309 5.812210976362583


Top 15 Documents for R144 (DocID Weight):
35258 12.335068236357188

27525 11.881553778734288

19705 11.001222627934316

27535 10.166392816275794

43899 9.721123844083996

19669 9.663195615612903

69511 9.425073189906954

24598 9.403401899478222

7359 9.340095883309413

36318 8.997858406945534

49230 8.985125358198715

24492 8.62331375249078

26110 8.304064397593041

13135 8.22651149508636

47896 8.21995105798283


Top 15 Documents for R145 (DocID Weight):
29892 10.8279683373952

16169 10.537067532139922

17654 10.14219393558815

17689 10.0948012703975

17648 10.089582061806608

29910 9.911956482894839

17647 9.902993221952235

14501 9.880324579358115

29984 9.865198103976448

29895 9.850747957291542

17361 9.760827061016716

17317 9.569868956162109

29271 9.51345416901646

17651 9.455871753704448

17653 9.425848911994843


Top 15 Documents for R146 (DocID Weight):
12035 13.62724893518907

19557 12.573031158544756

23687 12.25924349898161

3628 11.259840327558553

49904 10.879071954186887

8162 10.28413453529738

9490 9.960324190363622

83863 9.22379649754237

12476 8.772925564721096

29909 8.652219910594312

19416 8.50409120193212

29889 8.357597654414331

14541 8.097428668505687

29887 7.728757984721346

11944 7.229063526076786


Top 15 Documents for R147 (DocID Weight):
27441 12.69754920424609

64153 10.610894095638889

27911 10.2218916061954

56691 9.925197611396618

41481 9.628396567951706

76089 9.390059619125093

76092 9.390059619125093

75754 9.378130376701918

27845 9.20501140855163

34675 8.93708067479794

73146 8.895971832695412

27921 8.832644244683081

49752 7.9407454823994215

15581 7.904368559453068

15582 7.904368559453068


Top 15 Documents for R148 (DocID Weight):
60293 11.673628282464414

66895 10.972723671286039

66880 10.936262165260278

61165 10.499741426049278

83678 10.472084741520643

31619 9.884594971320139

75205 9.521810147216463

55609 8.866468593864063

58009 8.703283260925632

52661 7.681441457477448

51260 7.148326862207622

52489 7.128738490367447

25903 7.095760165985333

85344 6.713576423540504

85663 6.4904847116648705


Top 15 Documents for R149 (DocID Weight):
41538 12.69685185097512

39926 12.519052818112208

32400 12.454761454920787

14196 11.432740729827355

39661 11.284754508240624

17390 9.715472802812785

17360 9.483878748953703

25529 8.521447765469183

30390 6.410147091121082

72985 6.325204104809771

56129 6.1641666295066475

62392 6.108983956190036

3936 6.019040732012288

25220 4.7493817992929275

40427 4.0446017672202


Top 15 Documents for R150 (DocID Weight):
19409 14.950515700793101

19411 14.326478134000691

19420 14.033823879240874

64482 12.959103428058981

54538 10.93752657204121

19885 10.174001946901935

53269 9.861268153920859

85997 9.840174872852705

50614 9.776674397075004

3148 9.671858125446564

39907 9.02275443496471

53361 7.857384123555539

75429 6.597753287764602

83267 6.241756711557091

85411 5.977427167701891


