Top 15 Documents for R101 (DocID Weight):
62325 10.853076319203485

46547 9.617899050713657

46974 9.617899050713657

6146 4.081715258927935

61780 3.5833151262940914

22170 3.5621238719926436

22513 3.052553616949874

61329 2.2427440216797345

39496 1.8617974950674494

82330 1.1483648825558916

18586 0.0

26642 0.0

26847 0

27577 0

30647 0


Top 15 Documents for R102 (DocID Weight):
58476 17.470457211503497

78836 16.48692477270907

26061 16.381965048136337

57914 15.795357708500028

76635 14.92746338766625

12769 14.384088460586796

12767 14.011751163240948

25096 12.58274506785386

24515 12.406780812770727

82227 12.388978921299543

4358 11.545489529567917

26611 10.831213132529943

73038 10.490878788423192

33172 10.215037224701815

29908 10.082669818237825


Top 15 Documents for R103 (DocID Weight):
81463 16.177660249293226

14314 9.860353060944595

27426 8.111224714521521

27106 7.52150603820335

26385 7.339497163280793

59459 6.969299837541342

14069 6.870736282071038

54533 6.852077290467977

83370 6.630970371069729

20159 6.523204266246937

26386 6.492781088008391

79396 6.392701031896609

26432 6.185032301108764

80988 2.3722646685432864

9272 2.345486235357732


Top 15 Documents for R104 (DocID Weight):
11930 9.449519920484004

11923 9.331118211028567

11481 8.950823419723035

6636 8.711620268102653

7502 8.663108767587786

49815 8.661839895860593

3837 8.604725992980299

12812 8.577866438710526

11485 8.45812704711038

3827 8.284942950673322

12479 8.191375584701683

25205 8.152199203802628

65394 8.144362112645272

15077 8.139865969337949

4306 8.120703390272583


Top 15 Documents for R105 (DocID Weight):
86042 8.83184391888884

86961 8.83184391888884

15744 8.768041570746167

33961 8.688563048211485

64966 8.604721105286961

51493 8.44785118473435

49633 8.172235398835156

48148 8.096132385201606

80483 8.005449973415132

80484 8.005449973415132

80884 8.005449973415132

65210 7.831131676523096

3008 7.753456799014174

5225 7.491855445158371

5226 7.491855445158371


Top 15 Documents for R106 (DocID Weight):
16841 25.58925098181863

73731 16.133983197370252

16723 14.611793344366319

55891 11.592822738249971

49023 9.983740497121257

35782 9.954067777752904

68829 9.765068582079506

8085 4.3822175316066

6386 4.330646260513811

76556 4.304824309083377

6409 4.271616181165078

41521 3.730389726683998

51441 3.5077966848293087

2800 3.4603302554861624

67135 3.400201296549696


Top 15 Documents for R107 (DocID Weight):
71157 8.358424806068822

79950 7.585987731621534

59244 6.8176159963943554

51576 3.775941131627858

77936 3.562900114758747

67107 2.5195040342329063

67411 2.5195040342329063

86459 1.7681827758431983

31404 1.3851444571358915

41791 1.3440457144773479

69377 1.3417674455698438

37330 1.332024991203206

18297 1.311173812163432

18529 1.3079149814644733

78164 1.3039603723871662


Top 15 Documents for R108 (DocID Weight):
82290 15.053319097295923

5176 14.619351855851686

5177 14.619351855851686

2829 14.518360950655723

10759 13.536233512778658

10810 11.947955556896263

80518 11.602707098116294

19961 10.39863182312353

22662 10.024852239883405

26058 9.913280835499815

8780 9.383107289119629

82392 8.900168718360103

81929 8.642264757946133

54765 8.44670271053956

50314 8.029224184057144


Top 15 Documents for R109 (DocID Weight):
16953 11.362253871677176

61540 10.599295698872599

26073 10.581846757106556

64476 9.341585973110533

4933 9.276755666479419

67717 9.080972273167948

16575 5.662699339885053

78626 5.255734856150066

34684 5.0997613455115145

23398 5.012596570057327

73598 4.720743539910914

15776 4.683997999635061

51139 4.464716048214131

24340 4.413584662971945

29314 4.329124902403762


Top 15 Documents for R110 (DocID Weight):
38920 16.058170017541656

42439 14.556079099450958

38356 14.20097702368049

41791 14.152529875541175

85147 14.121320788026939

72320 13.70911499960174

78595 12.652431422264218

71167 12.26482406263829

16827 12.2427127839306

25590 7.538146633047577

27404 4.106525543836204

30597 3.888833782226423

13264 3.636819478637361

15458 3.625195859135927

86950 3.613247136241873


Top 15 Documents for R111 (DocID Weight):
18100 4.811954063261762

18163 4.811954063261762

18164 4.811954063261762

75763 4.588634785071559

19440 4.1453337213589

22382 4.033006995353718

18859 3.4828774394149375

47049 3.2390274267741157

66338 3.1064003519550187

45422 2.9551464500534483

46485 2.932931943433711

46968 2.932931943433711

18798 2.8925503086031092

28923 2.3137543544907113

18706 2.2981786157666377


Top 15 Documents for R112 (DocID Weight):
70466 18.455476392547407

59464 17.980674847783927

78115 17.882151831092077

78269 17.68562767067322

83201 16.448767863265658

85553 16.357170565211202

58748 9.49639100105773

5166 9.350060515942829

53046 9.213491623286933

81350 8.743999841423008

12858 6.651817710152917

48882 6.244920925328568

34745 6.111085335328328

41121 6.049544865825039

68780 5.763220003956634


Top 15 Documents for R113 (DocID Weight):
17030 12.972888197920845

17217 12.972888197920845

13685 12.244446810188293

25500 11.615926515467482

79404 5.579159035325925

13690 5.448071016751913

2323 5.4256297252934065

4053 5.4256297252934065

7722 5.387794884563997

40234 5.378742555615447

2451 5.065683464384777

37816 4.878935328645916

76103 4.657936210414569

75767 4.57617117887551

24251 4.360925582551134


Top 15 Documents for R114 (DocID Weight):
18879 15.64629456759267

38452 13.361927695437956

60810 13.14339792034306

26700 10.384317000647426

25303 10.29995802965994

28014 10.172387687116197

72354 7.110493633675865

21110 6.4708276797829045

38330 5.950061939641193

78708 5.630838174719245

58634 4.390310512860549

24474 2.030220392850454

37685 1.7152242744310215

55340 1.4393557695455466

57956 1.4393557695455466


Top 15 Documents for R115 (DocID Weight):
50020 10.747404662020962

58137 9.138680962216611

76605 8.839855932517423

61647 7.561505639784551

52066 7.4084765855206385

48443 7.377886247402885

43604 6.945848806258246

5671 6.937473413028608

38068 6.922903903736179

46714 6.833737092594307

79396 6.71500544115529

53345 4.900891600222596

15606 1.3226670950698136

44746 1.3223612712164934

77790 1.3107249788390463


Top 15 Documents for R116 (DocID Weight):
22679 9.255747502245015

74010 5.3033438979607

20188 4.619038629080468

81084 3.968639428276939

79559 3.9124714791872535

71555 3.7818000407986263

79369 3.780389892210065

86514 3.740927742109487

78863 3.687453612855953

82279 3.5491808294723994

66894 3.542756134940476

73431 3.48721635575422

82609 3.4812803524943567

32034 3.449658496842858

82598 3.4359323139169957


Top 15 Documents for R117 (DocID Weight):
37425 0.34950797549890145

21113 0

48566 0

54844 0

60811 0

62586 0

65692 0

67204 0

71102 0

74800 0

79525 0

81694 0

9544 0


Top 15 Documents for R118 (DocID Weight):
80908 7.753763797780751

20763 6.916361940797481

28903 6.081318417610098

43173 5.734436464250264

61677 5.690175094553231

2906 5.664431114804508

64892 5.507872980965467

84529 2.179895372587409

47129 1.9806422368467105

35104 1.960428102671042

50269 1.9114448317988384

28826 1.8434620291443526

9544 1.7472429259013276

43241 1.7037955048813056

33112 1.5577060766922706


Top 15 Documents for R119 (DocID Weight):
41275 3.864760627996003

34033 1.6674229407780907

51080 0.9693486705764633

51082 0.9693486705764633

65942 0.5551185029919714

65019 0.3064846880409089

13151 0

13902 0

26074 0

28125 0

35105 0

36308 0

38614 0

51488 0

52752 0


Top 15 Documents for R120 (DocID Weight):
39184 13.713528721334532

48981 9.703451676097409

62781 9.583208335828932

43393 3.2245034084483266

75135 2.6846114151339817

4527 2.468253648470747

24062 2.4631566315372306

64800 2.3970926991859356

12555 1.89823288339481

78091 1.8324019801811233

21067 1.7856640320272714

25918 1.5868349977499148

78092 1.3363611898296508

20830 1.026476866315032

75338 0.3675831556174298


Top 15 Documents for R121 (DocID Weight):
17004 25.475442443360535

13294 24.60441970255669

15074 24.60441970255669

7320 23.194688690041254

49980 22.29181780848294

13309 22.088902543065622

14772 21.24996070603043

79604 21.247658828056778

75621 20.478562684017646

79669 20.478562684017646

6604 20.07801095792103

43938 19.84390015346086

44187 19.626327396403063

3885 17.08507410903702

14439 16.40471165225262


Top 15 Documents for R122 (DocID Weight):
38244 21.58172970676182

74775 12.16322602454401

77971 10.603070595883715

84331 10.203937578926569

79418 9.929671409866

13984 9.823960422436542

72052 9.751938603308615

73186 9.751938603308615

76564 9.751938603308615

78866 8.825554587611524

77921 8.309799005332643

80435 8.088649384567315

54175 7.773418706011268

44818 7.2968408510366665

54747 6.946580245782554


Top 15 Documents for R123 (DocID Weight):
37440 10.97750941233316

78018 9.954690347280918

26681 9.896260125212633

29079 9.045418628513843

13485 8.958952940993061

20315 8.891616694474044

30089 7.891012905560589

47025 7.7136454770362395

55119 6.305401511495546

10515 4.475225042770598

70379 4.3814393937155875

2454 3.176688997320687

47699 3.090176705411489

54794 3.0044712842823036

48085 2.965286608167988


Top 15 Documents for R124 (DocID Weight):
21511 7.067133376387204

19285 6.646137901643241

74036 6.35014019711331

4528 5.956552837539588

9981 5.668565308954453

7225 5.410877786472941

53830 5.257495672986899

61262 5.0974886305141505

14377 5.015375092824318

25328 4.197637183149144

13147 4.176805843437389

65604 4.049045994212795

69236 3.7034876268651877

46194 3.3492571216268354

30653 3.3298650423584784


Top 15 Documents for R125 (DocID Weight):
77907 12.224983882652193

82519 11.910314117095643

77381 11.794590402548172

80922 10.72711614414413

82085 10.709024945026805

82106 10.260306794325434

9011 8.008096660908885

7970 7.8329958184685635

25833 7.047702058366314

76899 6.871168951093432

27974 6.836818926355738

73371 3.9443148610672885

27960 3.7094761363321225

39122 3.6645772147459783

40800 2.711122371421333


Top 15 Documents for R126 (DocID Weight):
14933 0

15228 0

19953 0

22250 0

38191 0

40554 0

45159 0

45374 0

46655 0

4984 0

56499 0

59083 0

60588 0

63280 0

66301 0


Top 15 Documents for R127 (DocID Weight):
67104 12.549210588733143

10706 11.28438809203902

40234 7.603222986250598

59095 6.674768686719085

60141 6.674768686719085

75738 6.594798417767666

40292 6.5345688174357495

26026 4.764276653898712

26144 4.764276653898712

70010 2.2467217116148435

56741 2.0466813839651707

58487 1.93428300704313

62215 1.8863547500699684

62401 1.7526679395690992

68825 1.4621387786878706


Top 15 Documents for R128 (DocID Weight):
3740 15.085871830791596

66961 8.879674602865794

64070 8.818839277225875

70233 8.697414970282583

64033 8.65711019990846

61170 8.657021438889124

24214 8.53634979272926

66923 8.368717914593509

75201 8.255193850809114

27215 8.128742139361174

60528 6.213527875421927

26085 5.1556080393786345

26088 5.152316527627781

4933 5.151755260467426

58476 4.861929611007425


Top 15 Documents for R129 (DocID Weight):
46494 13.054323441684522

72826 12.385644770246753

72899 12.264649805902987

76669 6.630993058568084

75465 5.74065108478603

44081 5.671179815719512

41297 5.644892620520181

35148 5.626198427513351

21791 5.587939298826146

75593 5.571902429900071

16900 5.427942962933637

83428 5.159497751035484

82198 5.043258413519582

20126 4.913621141315495

83268 4.872737863351743


Top 15 Documents for R130 (DocID Weight):
15776 16.083051852204125

70556 15.281934237325641

18235 15.102172306029074

69863 14.153635575995262

75483 12.374706324435223

60528 8.01044996760279

46458 7.08504676294686

60483 6.2413376689716875

4063 1.862292321013375

68037 1.5083413113793507

73550 1.5073031664803926

11715 1.4877952483458592

22585 1.481285958366938

47530 1.451564196892981

22584 0.9802379006489396


Top 15 Documents for R131 (DocID Weight):
26568 9.713230776313125

59502 9.462525750145835

58957 9.38187510158009

60118 9.304143629195295

16170 9.085382353732244

62536 8.900936699084431

77349 7.915092396174632

31504 7.909866756499353

80756 7.720736403245356

41975 7.268302991059413

73034 7.21351202058025

31515 5.153068367155804

40119 3.624200728933026

41857 3.624200728933026

63056 2.253007099798308


Top 15 Documents for R132 (DocID Weight):
9843 23.54417313802876

7486 23.367454034293356

85553 10.01426553365739

48981 9.830282458822731

79565 6.341986998092173

67115 6.134419439055481

66981 5.541626963398311

68370 2.819115752035891

53133 2.6316343219841576

39184 2.6204730399564897

64294 2.596764483554624

65174 2.532113228214248

68780 2.500840398332718

68784 2.433229326204136

4017 2.408425946893519


Top 15 Documents for R133 (DocID Weight):
74695 25.747271572361928

35853 23.459245364722985

74681 18.46557991739598

54844 15.38448521995917

84398 12.090208625511192

9544 10.424345986048488

54925 7.211181170807365

54814 7.075020202975463

71102 6.948575325406676

74652 5.89457795736997

32662 5.837261436543724

6939 5.560221280023641

82290 5.0856049645280255

35755 4.992142088139319

37425 4.5122230058855415


Top 15 Documents for R134 (DocID Weight):
59659 13.893006133918163

58438 5.703163265626737

84627 5.358827507888776

75562 5.061304610003324

73397 4.855452560348283

21172 4.669748709977748

46142 4.475857681157195

69112 4.466635499310313

74790 4.331194317528591

60928 4.2914994672562425

53308 4.010345155303133

3169 3.940501367401836

43806 3.9061073675259297

5870 3.7187730398212793

14567 3.495312872816511


Top 15 Documents for R135 (DocID Weight):
2738 0

31784 0

34733 0

40131 0

41556 0

42847 0

42848 0

44221 0

46122 0

49229 0

52721 0

57876 0

59518 0

65311 0

65465 0


Top 15 Documents for R136 (DocID Weight):
35104 14.294625436003237

43962 11.34998330599229

79605 8.785951792106193

41487 7.992111189750973

19488 6.579464155410241

8768 6.312786849877359

46422 6.280195657476033

48692 5.662826990101203

15404 5.116813288715498

76750 4.358707687202247

76779 4.354574346426472

60305 4.1274130801250015

60227 3.728740690986453

42907 2.581047464224066

83238 2.1480110882558137


Top 15 Documents for R137 (DocID Weight):
66879 17.904522819815725

85322 8.747220695384746

61252 8.643602299853466

81418 7.153202494300638

80107 7.096466088728436

39136 7.035336375414412

78455 6.726583621335721

80039 6.458143986357294

46874 6.4408212872427555

82828 6.3170764978072675

4650 6.157886703787119

78483 5.917090129420844

74200 5.844584556373314

21644 5.62243382583951

85108 5.289452963389708


Top 15 Documents for R138 (DocID Weight):
10228 0

18110 0

18216 0

20785 0

20823 0

20837 0

20892 0

20899 0

21088 0

21089 0

21110 0

22407 0

22446 0

22692 0

22894 0


Top 15 Documents for R139 (DocID Weight):
71102 14.757298992910464

67204 13.701896656556093

62586 7.902727881025196

54844 5.5292236189819945

9544 5.521714745439359

58507 5.247136045408398

79525 4.893802084824435

81694 4.542852863817158

65692 4.322249139373479

37425 4.298208377779589

48566 4.161600834129108

35853 4.004912807185724

79033 3.008209084170417

50076 2.691582925901231

41231 2.6311926254778113


Top 15 Documents for R140 (DocID Weight):
25063 9.908962305163772

58343 9.86927375799402

44400 9.335347678712422

18151 7.077650358024197

18393 7.077650358024197

6857 6.350799006003465

45396 6.072476440447195

11825 4.94968578130939

22321 2.957169627364405

43139 2.5834283606676594

36005 1.6636735071364104

57378 1.6618551623763678

12877 1.6567283368712422

13939 1.5957805171412671

13069 1.5947316830133202


Top 15 Documents for R141 (DocID Weight):
65284 12.08141587125819

60155 10.371558278062995

62292 10.321085452722553

60221 10.024655260309657

58503 8.892933625180031

55848 8.355822032981006

52215 7.5989217167961485

75561 5.172371939483317

62212 5.156629765813231

62213 4.175788531974366

39864 3.845323220874545

59351 3.8039289767205604

75471 3.762524511152245

39972 3.7294160913370584

75641 3.6996580189254136


Top 15 Documents for R142 (DocID Weight):
83869 1.9074267703157792

26011 1.879468721729784

54126 1.80537450387254

68798 1.7753785009951042

34410 1.7353034780631964

53188 1.7275404951301545

54675 1.5594603411682812

7397 1.5078905593426093

28354 1.250336521853074

54716 1.166309239402189

60740 1.1192961876832845

45201 1.0843293835680123

6158 1.00674765127064

9382 0.9336345765546197

86201 0.9071988521940554


Top 15 Documents for R143 (DocID Weight):
72134 12.0789302795372

64896 11.294743735437208

74605 10.643094122280765

3666 10.440448760518597

75564 10.12988255478465

63379 9.120969701324164

21265 8.315513784680443

23698 6.581693844321187

11852 6.119721442814578

11744 5.887848124373959

72032 5.1254007143903255

76550 5.1254007143903255

44232 4.221965600320045

30864 4.066400105750003

37657 3.846695618655818


Top 15 Documents for R144 (DocID Weight):
27525 11.525890376401454

43899 7.720783496564524

13135 6.844892191349251

7359 6.745929950666415

69511 6.710237304666915

47896 6.48044394154201

36318 6.0619851223714685

35258 6.0252210116809675

26257 6.005152670989251

12579 6.001021993529218

12658 5.9896924222098455

19626 5.966620433380239

74200 5.861438932805747

3364 5.817247873506976

27535 5.760381459533103


Top 15 Documents for R145 (DocID Weight):
17654 7.2630500186059965

14501 7.030505186745763

4300 1.746740804435257

54291 1.698933436360592

11106 1.6474156128028847

41461 1.634084849229474

28025 1.611914684728956

32472 1.6085728498863063

40278 1.5976755682172352

6237 1.5950563216797708

45707 1.5582044531238626

67785 1.5559754645328387

22691 1.5395777101165322

45735 1.5315587184421964

35545 1.5281954101951918


Top 15 Documents for R146 (DocID Weight):
12035 9.925283423298293

49904 5.29085399758988

38821 4.604259887133443

70836 3.8442156434823445

12196 3.7268602238980124

54065 3.5154312418291234

23687 2.8514025624506667

72072 2.677922426929952

58000 2.514580689609934

24287 2.047506043619827

12396 1.6636608447094392

11944 0.0

12476 0.0

14541 0

15478 0


Top 15 Documents for R147 (DocID Weight):
56691 11.604603860073519

27441 11.380082653874556

64153 11.067828406221723

34675 10.336396448728546

73146 10.200022262853802

27911 9.787536151745439

81325 8.84099445815266

27845 8.768564903855228

41481 8.760511542001346

27921 7.746874324843778

45740 6.893396759405627

76089 5.38155937547757

76092 5.38155937547757

75754 5.376569929959189

82440 3.1987957461849654


Top 15 Documents for R148 (DocID Weight):
24044 4.330811692471289

31619 4.194452555578477

51260 4.015818815521804

52489 4.008258441222108

75205 3.830850620191203

85344 3.538592701433479

85663 3.185940895668872

84829 3.0022464082796856

58009 2.9123103073383856

8622 2.9082831222669037

9133 2.9082831222669037

55609 2.8673533072261246

83678 2.8518157241069844

51453 2.785434610884111

60293 2.6646474034574177


Top 15 Documents for R149 (DocID Weight):
32400 11.363283875494156

41538 8.81127671935388

39661 8.262862310223163

14196 8.23672839120928

39926 7.785386562684776

25529 6.725554674408333

17390 5.223690521387213

17360 5.099492133837366

25220 3.5725463251280356

62392 2.5384737247765785

3936 2.501099504622414

72985 1.7913001122818613

30390 1.358141623632168

52385 1.2815052154417053

40902 1.2383295700170878


Top 15 Documents for R150 (DocID Weight):
19409 12.241807414761547

64482 11.86957643799393

53361 11.35992283365276

19411 11.17399663603578

19420 10.816659929790685

19885 10.041837327230462

3148 9.66053883284368

50614 8.485886365762497

53269 4.2233657940285445

39907 4.0333620506399575

85997 3.2603462747190988

23361 3.193653881165536

75429 2.5441310329935716

85411 2.5197846779079036

54538 2.33520743538167


