Top 15 Documents for R101 (DocID Weight):
46547 1.084547484824096e-04

46974 1.084547484824096e-04

62325 1.826140788996276e-05

61329 2.522754840984605e-06

6146 1.914586724380204e-06

22170 9.533256780555655e-07

61780 9.293249615463702e-07

22513 8.585641776722810e-07

82330 4.524149368976520e-07

39496 3.343725175655023e-07

18586 1.010075503143860e-07

26642 1.010075503143860e-07

26847 1.010075503143860e-07

27577 1.010075503143860e-07

30647 1.010075503143860e-07


Top 15 Documents for R102 (DocID Weight):
78836 8.631638202239175e-08

58476 6.238100927250749e-08

57914 3.178282301824952e-08

26061 2.688653866494122e-08

76635 2.194812150553524e-08

73038 1.882966863451839e-08

12769 1.385897689861284e-08

12767 1.094583654144494e-08

25096 6.692458338778610e-09

24515 5.387266324436417e-09

82227 4.420621456547397e-09

4358 4.326444206658609e-09

26611 2.553293636701151e-09

65414 2.014360322876497e-09

33172 1.875210144585566e-09


Top 15 Documents for R103 (DocID Weight):
14314 9.701295780487872e-08

81463 8.470143765692770e-08

14069 1.431472773886878e-08

26385 1.338066096026214e-08

27106 1.167002254979208e-08

27426 9.966633418330727e-09

26386 7.492632331871843e-09

79396 6.032449375604962e-09

20159 5.359227291387106e-09

26432 4.488694030674192e-09

54533 4.291569633476627e-09

59459 3.906148732262421e-09

83370 3.216850412535530e-09

80988 2.502557876536030e-09

63966 2.190209444223208e-09


Top 15 Documents for R104 (DocID Weight):
11930 1.623388291261239e-07

3837 1.565366405397633e-07

11923 1.316140930762975e-07

49815 9.315083027065313e-08

25205 8.756573331030675e-08

11960 7.925268807943959e-08

11481 7.108772761360873e-08

65394 6.657811595536409e-08

12812 5.885697495653395e-08

9591 5.598018189722266e-08

7502 5.102741881378398e-08

6636 4.873419725935374e-08

76690 4.584052665903109e-08

11485 4.539668287462634e-08

75949 4.155283409380372e-08


Top 15 Documents for R105 (DocID Weight):
64966 4.118913688848469e-06

33961 1.739492457316445e-06

15744 1.501380607754604e-06

65210 1.255879107881109e-06

51493 1.051085505171002e-06

86042 8.003988611241801e-07

86961 8.003988611241801e-07

3008 7.522483988963905e-07

49633 3.620363713625460e-07

48148 2.629270413561213e-07

80483 9.696326362077960e-08

80484 9.696326362077960e-08

80884 9.696326362077960e-08

2493 9.094125797854443e-08

2494 9.094125797854443e-08


Top 15 Documents for R106 (DocID Weight):
16841 2.235717579159738e-09

73731 4.295161337431351e-11

49023 3.897693866895100e-11

16723 3.139413210045328e-11

55891 2.291561879692733e-11

35782 1.850952401215301e-11

6409 1.187362402237877e-11

68829 1.168215070872633e-11

76556 1.069764978888018e-11

8085 1.006953594038783e-11

6386 8.704093450948014e-12

51441 6.372823626776641e-12

76481 4.526317089594051e-12

41521 4.438713601202791e-12

31281 4.376957539171375e-12


Top 15 Documents for R107 (DocID Weight):
71157 1.380669158054077e-09

79950 1.138573635410416e-10

59244 1.008772360672426e-10

51576 9.257422100856556e-11

77936 3.245703442047501e-11

67673 1.851591153299283e-11

31404 1.749358766756969e-11

37330 1.487123874756739e-11

69377 1.400447445941553e-11

78164 1.185449272903886e-11

66686 1.106547030759965e-11

28185 1.096142339488240e-11

17736 1.002135041155980e-11

71159 1.002135041155980e-11

36212 9.417846767945293e-12


Top 15 Documents for R108 (DocID Weight):
82290 1.356068259847204e-10

10759 1.005279609585639e-10

2829 8.887789198101889e-11

5176 4.221416414382210e-11

5177 4.221416414382210e-11

50314 1.489848380219655e-11

10810 1.194942188666521e-11

80518 8.966816902099851e-12

54765 5.306580687317871e-12

19961 4.919501929862313e-12

22662 3.618702139403834e-12

26058 3.294726872461291e-12

33970 2.924488873426618e-12

22169 2.573045923255022e-12

8780 2.359747950152371e-12


Top 15 Documents for R109 (DocID Weight):
26073 1.683382617432980e-07

16953 1.264524974553849e-07

64476 9.869688995018540e-08

61540 8.024092436728360e-08

67717 7.356605521164681e-08

16575 3.985469587693267e-08

4933 2.171919389649353e-08

23398 1.997640199803329e-08

24340 1.930353380766329e-08

34684 1.571708785262438e-08

78626 1.545598543167260e-08

65289 1.408576954714724e-08

29314 1.306447921970208e-08

25832 1.128132626014610e-08

73598 7.886588833638818e-09


Top 15 Documents for R110 (DocID Weight):
38356 1.330815482672654e-11

38920 1.315128083772410e-11

42439 1.054244759224744e-11

71167 1.004195411834311e-11

78595 4.798637380397854e-12

85147 4.258337527706697e-12

72320 3.648136333367739e-12

16827 2.906522245659293e-12

41791 2.611781674216595e-12

30597 7.617542366407322e-13

27404 6.658768916541147e-13

25590 5.931711878862625e-13

28185 3.889857216427672e-13

86950 2.398162645973111e-13

13264 2.299033698170332e-13


Top 15 Documents for R111 (DocID Weight):
28923 1.140230120027212e-06

18706 1.065945297159372e-06

75763 1.048896321419212e-06

18100 6.132448472118303e-07

18163 6.132448472118303e-07

18164 6.132448472118303e-07

13057 5.592847104197463e-07

22382 4.623161770724495e-07

19440 4.285335912611332e-07

18859 3.439157449534889e-07

52020 3.196013121107220e-07

47049 2.278971013105378e-07

66338 2.068251718182675e-07

45422 1.859558570326536e-07

46485 1.831347321959753e-07


Top 15 Documents for R112 (DocID Weight):
59464 1.533065507190134e-06

78269 1.527656472235721e-06

85553 8.317684752525365e-07

70466 7.825990446444482e-07

78115 6.595415727308699e-07

83201 3.922438861286434e-08

5166 3.254290749737224e-08

58748 2.643061837500367e-08

53046 1.855968611899747e-08

68780 1.274453678329502e-08

41121 9.322189159548499e-09

64800 8.728492966388398e-09

81350 8.058960540324416e-09

48882 7.522001559618589e-09

54467 6.751329172429585e-09


Top 15 Documents for R113 (DocID Weight):
13685 2.462535592544106e-07

37816 2.152475497092860e-07

25500 1.250694012962283e-07

17030 1.090659350986219e-07

17217 1.090659350986219e-07

13690 6.237527364820414e-08

7722 5.215036364070110e-08

40234 3.027626685137139e-08

37815 2.954806164243839e-08

79404 2.284261421168643e-08

2323 2.084476876190125e-08

4053 2.084476876190125e-08

43262 1.893246137667465e-08

76103 1.526273791302125e-08

2451 1.378486844452672e-08


Top 15 Documents for R114 (DocID Weight):
18879 5.721795523245637e-07

38452 1.068794620861984e-07

60810 5.340662912507545e-08

72354 4.410384932758951e-08

21110 1.992409221362039e-08

25303 1.053134113239621e-08

26700 9.712004258949399e-09

28014 8.665407345284406e-09

38330 6.121950540273852e-09

78708 5.895799900572558e-09

58634 2.173773381842066e-09

24474 2.084044942094298e-09

37685 1.423439403453707e-09

55340 9.248271240073203e-10

57956 9.248271240073203e-10


Top 15 Documents for R115 (DocID Weight):
58137 3.291998447098877e-08

50020 2.034389354445531e-08

61647 1.481038434076029e-08

48443 1.453041454086150e-08

76605 1.240862266612028e-08

52066 1.121429761165927e-08

38068 5.502382683217351e-09

43604 4.801595439951298e-09

5671 4.600365628206801e-09

46714 4.462501226565733e-09

79396 2.768548311691846e-09

77790 6.691875334564958e-10

44746 6.604014641784635e-10

15606 4.050718881553259e-10

53345 4.002562671444764e-10


Top 15 Documents for R116 (DocID Weight):
22679 1.984178514864169e-05

71542 1.498203560862619e-05

71543 1.498203560862619e-05

71555 1.450942707112175e-05

20188 1.109507151445701e-05

74017 1.087979350308764e-05

82616 1.067295776667393e-05

79369 9.270681587597944e-06

78863 8.977582878036980e-06

86514 8.676600184199850e-06

66894 7.410783400417458e-06

52940 6.842666351605259e-06

82598 6.763257871048957e-06

82279 6.732034148111770e-06

52741 6.464091037325216e-06


Top 15 Documents for R117 (DocID Weight):
71102 2.407399110719998e-04

54844 1.240795557863671e-04

9544 1.063185058074671e-04

67204 9.916091145921001e-05

79525 6.634399922248652e-05

65692 5.315604331361134e-05

81694 4.938873820673207e-05

48566 3.964556586952087e-05

37425 2.935616569575566e-05

60811 1.762483150219495e-05

21113 4.389956979943633e-06

62586 4.209329925509269e-06

74800 2.416364301038290e-06


Top 15 Documents for R118 (DocID Weight):
80908 4.854504195229376e-09

28903 2.191224298135049e-09

20763 1.793746339901772e-09

64892 1.459885995094327e-09

61677 1.255578136258737e-09

2906 9.591747942816938e-10

43173 8.585650069590500e-10

35104 7.072404933607924e-10

47129 5.682710483734322e-10

84529 5.262915080010572e-10

43241 4.533796747227218e-10

50269 4.423324272563071e-10

28826 3.601044615784593e-10

9544 3.135089562083792e-10

33112 1.904551850220573e-10


Top 15 Documents for R119 (DocID Weight):
51080 2.324987764145515e-04

51082 2.324987764145515e-04

65942 7.873781663006843e-05

41275 7.212214634177957e-05

68177 5.781668759808133e-05

34033 4.773656870813628e-05

51488 3.350675630904466e-05

71547 2.797642614450229e-05

82567 2.762341274507547e-05

38614 2.736457384677370e-05

28125 2.694402846693330e-05

52752 2.694402846693330e-05

13151 2.598671425682386e-05

62324 1.292922999393415e-05

65019 1.172503718423658e-05


Top 15 Documents for R120 (DocID Weight):
48981 1.531151095986855e-06

39184 7.502818436705189e-07

62781 6.455553160700915e-07

43393 9.248049766962934e-08

4527 6.810789936891782e-08

78091 4.249811211530223e-08

78092 1.855024179956410e-08

12555 1.790260011303184e-08

75135 1.665749220001273e-08

21067 1.526454587797176e-08

69629 1.269121479624454e-08

71406 1.269121479624454e-08

69633 1.211199259980241e-08

16241 8.171375564995156e-09

45819 7.795660865069740e-09


Top 15 Documents for R121 (DocID Weight):
17004 8.455758558150377e-09

13294 7.471544635624319e-09

15074 7.471544635624319e-09

13309 2.027562586931658e-09

7320 1.846182828700349e-09

15415 8.946981620737062e-10

49980 8.437920246086092e-10

14772 5.321872498944277e-10

43938 5.043783879854116e-10

3885 3.875206776291598e-10

15410 3.753908085691979e-10

79604 3.341683570509855e-10

14556 3.266394467749136e-10

9384 1.830647075226282e-10

9820 1.816996084814934e-10


Top 15 Documents for R122 (DocID Weight):
38244 1.397638842086919e-07

84331 3.041519394498986e-08

77971 2.316092949174699e-08

74775 2.287895480624913e-08

79418 2.073878983606412e-08

13984 1.307434502353565e-08

72052 6.987928096369481e-09

73186 6.987928096369481e-09

76564 6.987928096369481e-09

78866 2.758449394607243e-09

77921 1.838502571990415e-09

80435 9.836715159968579e-10

54175 6.450848868491492e-10

44818 5.286929177950960e-10

54747 3.986198567020893e-10


Top 15 Documents for R123 (DocID Weight):
37440 5.527605745679492e-07

55119 1.773804492380340e-07

29079 1.084687069276800e-07

20315 8.513775601240299e-08

13485 7.042108160643838e-08

30089 4.302381572402004e-08

78018 3.973394894209641e-08

54794 3.970233282851885e-08

26681 3.845235836386788e-08

47025 3.150574423139920e-08

47699 3.007089460406883e-08

2454 2.925620230560841e-08

5075 2.526991654869347e-08

75032 2.379173362644336e-08

10515 2.052259210566382e-08


Top 15 Documents for R124 (DocID Weight):
9981 2.967237897509027e-05

74036 1.995566881696487e-05

21511 1.669871187793464e-05

53830 1.534207947176435e-05

7225 1.465788317681195e-05

25328 1.128962815594493e-05

4528 9.446204132567418e-06

19285 9.265254369197438e-06

65604 6.803858720007835e-06

65633 5.140450292268562e-06

46194 4.785529348955025e-06

61262 4.553672315253728e-06

2345 4.444662729796492e-06

2346 4.379718047251701e-06

13147 3.835662389028585e-06


Top 15 Documents for R125 (DocID Weight):
76899 1.003351698481793e-04

77907 7.536128071661160e-05

82519 7.249783133610913e-05

25833 6.927475444192991e-05

77381 5.421360363663599e-05

27974 5.206275963205850e-05

80922 3.147129413505394e-05

82085 3.057012087813383e-05

82106 2.719801227822071e-05

71913 1.997056786703601e-05

28549 1.053120859930146e-05

9011 9.033268446465813e-06

7970 8.129320188128623e-06

73371 7.611984492712352e-06

27960 7.558739326612788e-06


Top 15 Documents for R126 (DocID Weight):
45159 3.543733201436175e-04

38191 3.470359719787441e-04

14933 2.736475238540801e-04

15228 2.712949150725665e-04

67522 2.521634382677602e-04

60588 2.130875850340340e-04

9384 2.082730529954320e-04

78479 1.799925529155984e-04

59083 1.580254482706577e-04

56499 1.575992989927575e-04

83225 1.490790285177706e-04

71223 1.445151199864062e-04

22250 1.431211402006928e-04

80102 1.260856153796420e-04

76216 1.187320499903384e-04


Top 15 Documents for R127 (DocID Weight):
40234 2.509241747333204e-08

67104 1.685263722743049e-08

10706 1.234358810482246e-08

59095 8.782229091155867e-09

60141 8.782229091155867e-09

40292 7.733682519048846e-09

75738 5.605705117075916e-09

26026 1.933828475578832e-09

26144 1.933828475578832e-09

58487 1.508475858705356e-09

56741 1.493062277739372e-09

70010 1.479201945771406e-09

62401 1.412007056390710e-09

62215 1.279937821857178e-09

68825 5.666433655870305e-10


Top 15 Documents for R128 (DocID Weight):
3740 3.837721614206819e-07

64033 1.425273404118330e-07

27215 1.388889457123794e-07

64070 1.002161243482517e-07

24214 9.670097983946208e-08

66961 7.517053998804089e-08

61170 6.079330312765368e-08

70233 4.928878166746548e-08

66923 3.404294531979279e-08

75201 3.325452538949766e-08

26085 2.987194140355751e-08

26088 2.952475667423960e-08

60528 2.578571666861262e-08

4933 1.876257044020820e-08

32366 1.778046198072510e-08


Top 15 Documents for R129 (DocID Weight):
46494 1.404888458424856e-07

76669 8.124928232670563e-08

72826 7.450154135037434e-08

72899 6.771568550018880e-08

35148 2.924251541246364e-08

44081 2.348819499998988e-08

41297 1.962684633169639e-08

75465 1.685819049768962e-08

83428 1.666765715953329e-08

21791 1.425614447816509e-08

75593 1.324184773716916e-08

67400 1.036009772685595e-08

83268 8.987004499210490e-09

82198 6.514417221232034e-09

75590 6.480013479684740e-09


Top 15 Documents for R130 (DocID Weight):
15776 1.826577929851929e-07

70556 5.600798105169173e-08

69863 2.992231373441291e-08

18235 2.964017823722164e-08

60528 2.919063401160996e-08

75483 9.018842798682514e-09

46458 5.032756726163030e-09

60483 3.877243496744720e-09

4063 1.295307406352068e-09

73550 1.258050532403796e-09

22585 8.994531206516755e-10

68037 3.726248243738699e-10

11715 3.440620888652388e-10

47530 1.759775158204419e-10

22584 1.021093840471457e-10


Top 15 Documents for R131 (DocID Weight):
16170 8.516103496451505e-05

26568 8.144406133834663e-05

60118 5.261074361271981e-05

59502 5.011894841635180e-05

58957 4.204465221276159e-05

62536 3.965668857758777e-05

77349 2.886443203563501e-05

80756 2.556834044776878e-05

31504 1.999917670638324e-05

31515 1.391359560048290e-05

41975 1.181995734586999e-05

13484 7.966472084734338e-06

73034 7.090305853414653e-06

62835 2.873934067523443e-06

62836 2.795345517875127e-06


Top 15 Documents for R132 (DocID Weight):
9843 1.757418034066623e-07

7486 1.574479961747393e-07

85553 5.670402729975648e-09

48981 3.870179853626770e-09

67115 2.789296787693684e-10

68370 1.307440284678164e-10

68780 1.197845515874625e-10

79565 1.099737457970932e-10

53133 7.079040497450106e-11

39184 6.991220817640444e-11

66981 6.783039445685085e-11

78577 6.561702217881706e-11

64294 5.647762627462487e-11

65174 4.982317494661109e-11

4017 4.822978827151814e-11


Top 15 Documents for R133 (DocID Weight):
74695 1.297610162713089e-09

35853 1.145823679041948e-09

54844 6.234147511363449e-10

84398 2.081448552718918e-10

74681 1.036434394445417e-10

6939 2.801036945921152e-11

9544 2.209264385366450e-11

71102 1.642587114933268e-11

82290 1.618449869693813e-11

35755 1.570755561668166e-11

32662 1.143406191191785e-11

65692 9.179655926465806e-12

54814 7.252123253215664e-12

54925 6.021595542856687e-12

37425 4.434215921183816e-12


Top 15 Documents for R134 (DocID Weight):
59659 5.958823431844121e-11

58438 7.657047014155804e-12

73397 6.267979174304827e-12

75562 3.272683884495433e-12

84627 2.783679439711738e-12

21172 2.710949580692834e-12

69112 2.236436915855382e-12

60928 1.779047594868908e-12

46142 1.720355182770639e-12

53308 1.334148494865951e-12

5870 1.329035206991079e-12

3169 1.219095124102464e-12

74790 8.435605949469973e-13

14567 7.837932889483429e-13

43806 7.601883528103430e-13


Top 15 Documents for R135 (DocID Weight):
78305 1.200184459680903e-08

65465 1.100385262999815e-08

66118 1.100385262999815e-08

31784 8.521200620589869e-09

68756 8.106658759149201e-09

80891 7.811522650543673e-09

78998 6.489713246095897e-09

79698 6.489713246095897e-09

52721 6.434721023334877e-09

65311 6.310588330100420e-09

65501 6.283577077418134e-09

67275 5.813596427469429e-09

67433 5.813596427469429e-09

34733 5.191859467147587e-09

86691 5.023868052413664e-09


Top 15 Documents for R136 (DocID Weight):
35104 4.559759087645119e-08

79605 1.605462487929408e-08

43962 7.346450750150353e-09

41487 7.339542008293554e-09

19488 3.740613078110034e-09

46422 3.464497678144241e-09

48692 2.704190266313053e-09

8768 2.413936945909384e-09

42907 2.059006846868976e-09

58438 1.880046909997858e-09

34428 1.468989993428815e-09

83238 1.111965322356059e-09

15404 1.099120212810638e-09

76750 8.302335910630297e-10

76779 8.276258397752919e-10


Top 15 Documents for R137 (DocID Weight):
66879 3.762270329190889e-07

85322 4.844313187421830e-08

61252 2.228575241564730e-08

81418 1.228142982229468e-08

80107 1.212150823868315e-08

46874 9.461437371282655e-09

80039 7.510635993821621e-09

39136 6.768082841863234e-09

74200 5.998679457863501e-09

4650 5.970575676137690e-09

78455 5.896733662809889e-09

82828 5.120514717246487e-09

78483 4.761787619899019e-09

53354 4.458040877466800e-09

27297 4.019972154057452e-09


Top 15 Documents for R138 (DocID Weight):
20899 1.324399934021149e-10

49872 1.309816483962083e-10

77971 8.378489251144561e-11

37732 4.987363665808996e-11

56318 2.636789607440290e-11

50734 1.662693410337222e-11

40341 6.427388776281701e-12

65378 6.019467342171931e-12

2552 5.887519916006391e-12

75463 5.396345340065545e-12

56045 4.669616027881990e-12

56248 4.669616027881990e-12

47714 4.341569801043470e-12

62620 1.889093898281852e-12

48174 1.664749074324023e-12


Top 15 Documents for R139 (DocID Weight):
71102 1.317017830777663e-06

67204 3.507238388948402e-07

54844 4.906324909717626e-08

9544 4.201798783363719e-08

79525 2.602854935126366e-08

50076 2.169243193777560e-08

65692 2.069299438549208e-08

81694 1.906812601213863e-08

48566 1.525304740538018e-08

41231 1.365013144751365e-08

58507 1.317950344455195e-08

35853 1.170330846545598e-08

37425 1.084408587529862e-08

62586 9.858628371839384e-09

79033 3.338340935605803e-09


Top 15 Documents for R140 (DocID Weight):
6857 9.452856090166988e-05

58343 3.653128052747871e-05

44400 2.918160565747846e-05

25063 2.390942564871031e-05

18151 1.857217124772589e-05

18393 1.857217124772589e-05

45396 1.836272674328313e-05

22321 1.214136492216383e-05

43139 9.252875505215579e-06

11825 6.216258425859729e-06

13885 6.148472066222906e-06

35886 5.100905232098566e-06

16137 4.504123264095260e-06

33779 4.092698830420993e-06

35214 4.092698830420993e-06


Top 15 Documents for R141 (DocID Weight):
65284 1.626549501162905e-07

60155 1.270479237331844e-07

62292 9.849324619753438e-08

60221 9.433356776071527e-08

51691 8.794180852787124e-08

59351 6.791547817818234e-08

39864 4.941108110671897e-08

9954 4.863357793008562e-08

55848 4.642373786932860e-08

39304 4.040939680715940e-08

39972 3.693645824033514e-08

75561 3.674603479607192e-08

75471 3.285110383782795e-08

39883 2.881355314286937e-08

75641 2.795726673366084e-08


Top 15 Documents for R142 (DocID Weight):
15462 0.000000000000000e+00

19908 0.000000000000000e+00

26011 0.000000000000000e+00

26511 0.000000000000000e+00

28354 0.000000000000000e+00

34410 0.000000000000000e+00

38696 0.000000000000000e+00

39258 0.000000000000000e+00

39840 0.000000000000000e+00

41614 0.000000000000000e+00

45201 0.000000000000000e+00

48020 0.000000000000000e+00

50474 0.000000000000000e+00

53188 0.000000000000000e+00

54126 0.000000000000000e+00


Top 15 Documents for R143 (DocID Weight):
72134 1.279007627035240e-07

23698 9.740671795974700e-08

74605 8.982544435528724e-08

3666 5.760024810817167e-08

64896 5.671596958733764e-08

75564 4.963437833290285e-08

44232 3.032819128443956e-08

11744 2.208457598621592e-08

63379 2.074680670105853e-08

30864 1.780397205272492e-08

11852 1.422301156235995e-08

37657 1.124521105915235e-08

21265 1.051017217622438e-08

7041 9.420413726707461e-09

72032 9.302444610745586e-09


Top 15 Documents for R144 (DocID Weight):
43899 1.083165291233238e-07

36318 6.521806533114402e-08

13135 6.443638286058267e-08

69511 5.331920789561747e-08

19626 5.294953331200230e-08

27525 5.088092554843994e-08

35258 3.915308325940127e-08

26257 3.788623011470755e-08

7359 3.600585036558664e-08

27535 2.838278151242079e-08

47896 2.284048397050455e-08

12579 2.086264967060190e-08

12658 2.059265019065381e-08

3364 1.900795384998481e-08

74200 1.790358776084160e-08


Top 15 Documents for R145 (DocID Weight):
32232 2.035808283232710e-08

17654 1.830272547762283e-08

4300 1.766904680058749e-08

14501 1.586818784363432e-08

11106 1.046535837523898e-08

32472 1.021435668002088e-08

6237 8.530802107864557e-09

51917 6.748181321902926e-09

28025 6.483569199122090e-09

67785 5.359344152782309e-09

54291 4.849558290886249e-09

27970 4.491942739700163e-09

35545 4.058204957124243e-09

41447 3.969360452745138e-09

26072 3.525629410718486e-09


Top 15 Documents for R146 (DocID Weight):
23687 5.236475641838637e-06

12035 4.196998254404080e-06

72072 2.639887990776741e-06

58000 1.882549925883688e-06

49904 1.386022471062441e-06

38821 9.977217465916501e-07

70836 6.739001978298767e-07

24287 6.020597076648732e-07

54065 4.869384308510482e-07

12196 4.510785389578217e-07

12396 4.142414327236872e-07

11944 4.330033971484493e-08

12476 4.330033971484493e-08

14541 4.330033971484493e-08

15478 4.330033971484493e-08


Top 15 Documents for R147 (DocID Weight):
56691 4.733087100519699e-06

27441 1.310929933412670e-06

64153 9.155735464298221e-07

82440 7.950742415963100e-07

27911 4.967386603556480e-07

27845 2.372707852594038e-07

77181 2.030386110663949e-07

81325 1.915416646184377e-07

44101 1.910850034543265e-07

27921 1.686253336135972e-07

34675 1.677617392973442e-07

73146 1.648968373503604e-07

29390 1.465273734543696e-07

77719 1.144719748843842e-07

61777 1.126758443832449e-07


Top 15 Documents for R148 (DocID Weight):
84829 2.336563444361430e-02

8622 1.891583375760336e-02

9133 1.891583375760336e-02

58009 1.853785352887687e-02

24044 1.773012467236752e-02

31619 1.593075913073769e-02

51260 1.464174963277297e-02

51453 1.453922058287550e-02

52489 1.443822181730486e-02

60293 1.414407212779620e-02

75205 1.377134344321785e-02

52661 9.005385996409336e-03

85344 7.550840541863882e-03

85663 5.923418783294582e-03

83678 5.550840541863881e-03


Top 15 Documents for R149 (DocID Weight):
41538 4.697128704332141e-08

39661 3.587263291308456e-08

14196 3.368378569585777e-08

25529 2.779863745463153e-08

32400 2.406397929683543e-08

39926 1.891095827564768e-08

62392 8.749931055648970e-09

3936 4.678302501214960e-09

17390 3.749084667541970e-09

17360 3.388043897563159e-09

30390 1.657396826475978e-09

25220 1.383312779154161e-09

72985 1.298860388104554e-09

40902 1.039332069398763e-09

16941 1.017360050384826e-09


Top 15 Documents for R150 (DocID Weight):
19409 3.439821542552863e-05

53361 3.409791731315583e-05

19411 2.894625241020244e-05

19420 2.702812721432232e-05

64482 2.473842117993662e-05

19885 1.247034225412340e-05

3148 9.891376980797160e-06

26648 5.510515592511498e-06

39907 4.004379405418255e-06

50614 3.968954104650210e-06

54538 3.719899176475281e-06

53269 2.137890291535590e-06

23361 1.285214695603889e-06

85997 1.101452518414743e-06

6318 7.579067969036625e-07


Top 15 Documents for R101 (DocID Weight):
46547 1.084547484824096e-04

46974 1.084547484824096e-04

62325 1.826140788996276e-05

61329 2.522754840984605e-06

6146 1.914586724380204e-06

22170 9.533256780555655e-07

61780 9.293249615463702e-07

22513 8.585641776722810e-07

82330 4.524149368976520e-07

39496 3.343725175655023e-07

18586 1.010075503143860e-07

26642 1.010075503143860e-07

26847 1.010075503143860e-07

27577 1.010075503143860e-07

30647 1.010075503143860e-07


Top 15 Documents for R102 (DocID Weight):
78836 8.631638202239175e-08

58476 6.238100927250749e-08

57914 3.178282301824952e-08

26061 2.688653866494122e-08

76635 2.194812150553524e-08

73038 1.882966863451839e-08

12769 1.385897689861284e-08

12767 1.094583654144494e-08

25096 6.692458338778610e-09

24515 5.387266324436417e-09

82227 4.420621456547397e-09

4358 4.326444206658609e-09

26611 2.553293636701151e-09

65414 2.014360322876497e-09

33172 1.875210144585566e-09


Top 15 Documents for R103 (DocID Weight):
14314 9.701295780487872e-08

81463 8.470143765692770e-08

14069 1.431472773886878e-08

26385 1.338066096026214e-08

27106 1.167002254979208e-08

27426 9.966633418330727e-09

26386 7.492632331871843e-09

79396 6.032449375604962e-09

20159 5.359227291387106e-09

26432 4.488694030674192e-09

54533 4.291569633476627e-09

59459 3.906148732262421e-09

83370 3.216850412535530e-09

80988 2.502557876536030e-09

63966 2.190209444223208e-09


Top 15 Documents for R104 (DocID Weight):
11930 1.623388291261239e-07

3837 1.565366405397633e-07

11923 1.316140930762975e-07

49815 9.315083027065313e-08

25205 8.756573331030675e-08

11960 7.925268807943959e-08

11481 7.108772761360873e-08

65394 6.657811595536409e-08

12812 5.885697495653395e-08

9591 5.598018189722266e-08

7502 5.102741881378398e-08

6636 4.873419725935374e-08

76690 4.584052665903109e-08

11485 4.539668287462634e-08

75949 4.155283409380372e-08


Top 15 Documents for R105 (DocID Weight):
64966 4.118913688848469e-06

33961 1.739492457316445e-06

15744 1.501380607754604e-06

65210 1.255879107881109e-06

51493 1.051085505171002e-06

86042 8.003988611241801e-07

86961 8.003988611241801e-07

3008 7.522483988963905e-07

49633 3.620363713625460e-07

48148 2.629270413561213e-07

80483 9.696326362077960e-08

80484 9.696326362077960e-08

80884 9.696326362077960e-08

2493 9.094125797854443e-08

2494 9.094125797854443e-08


Top 15 Documents for R106 (DocID Weight):
16841 2.235717579159738e-09

73731 4.295161337431351e-11

49023 3.897693866895100e-11

16723 3.139413210045328e-11

55891 2.291561879692733e-11

35782 1.850952401215301e-11

6409 1.187362402237877e-11

68829 1.168215070872633e-11

76556 1.069764978888018e-11

8085 1.006953594038783e-11

6386 8.704093450948014e-12

51441 6.372823626776641e-12

76481 4.526317089594051e-12

41521 4.438713601202791e-12

31281 4.376957539171375e-12


Top 15 Documents for R107 (DocID Weight):
71157 1.380669158054077e-09

79950 1.138573635410416e-10

59244 1.008772360672426e-10

51576 9.257422100856556e-11

77936 3.245703442047501e-11

67673 1.851591153299283e-11

31404 1.749358766756969e-11

37330 1.487123874756739e-11

69377 1.400447445941553e-11

78164 1.185449272903886e-11

66686 1.106547030759965e-11

28185 1.096142339488240e-11

17736 1.002135041155980e-11

71159 1.002135041155980e-11

36212 9.417846767945293e-12


Top 15 Documents for R108 (DocID Weight):
82290 1.356068259847204e-10

10759 1.005279609585639e-10

2829 8.887789198101889e-11

5176 4.221416414382210e-11

5177 4.221416414382210e-11

50314 1.489848380219655e-11

10810 1.194942188666521e-11

80518 8.966816902099851e-12

54765 5.306580687317871e-12

19961 4.919501929862313e-12

22662 3.618702139403834e-12

26058 3.294726872461291e-12

33970 2.924488873426618e-12

22169 2.573045923255022e-12

8780 2.359747950152371e-12


Top 15 Documents for R109 (DocID Weight):
26073 1.683382617432980e-07

16953 1.264524974553849e-07

64476 9.869688995018540e-08

61540 8.024092436728360e-08

67717 7.356605521164681e-08

16575 3.985469587693267e-08

4933 2.171919389649353e-08

23398 1.997640199803329e-08

24340 1.930353380766329e-08

34684 1.571708785262438e-08

78626 1.545598543167260e-08

65289 1.408576954714724e-08

29314 1.306447921970208e-08

25832 1.128132626014610e-08

73598 7.886588833638818e-09


Top 15 Documents for R110 (DocID Weight):
38356 1.330815482672654e-11

38920 1.315128083772410e-11

42439 1.054244759224744e-11

71167 1.004195411834311e-11

78595 4.798637380397854e-12

85147 4.258337527706697e-12

72320 3.648136333367739e-12

16827 2.906522245659293e-12

41791 2.611781674216595e-12

30597 7.617542366407322e-13

27404 6.658768916541147e-13

25590 5.931711878862625e-13

28185 3.889857216427672e-13

86950 2.398162645973111e-13

13264 2.299033698170332e-13


Top 15 Documents for R111 (DocID Weight):
28923 1.140230120027212e-06

18706 1.065945297159372e-06

75763 1.048896321419212e-06

18100 6.132448472118303e-07

18163 6.132448472118303e-07

18164 6.132448472118303e-07

13057 5.592847104197463e-07

22382 4.623161770724495e-07

19440 4.285335912611332e-07

18859 3.439157449534889e-07

52020 3.196013121107220e-07

47049 2.278971013105378e-07

66338 2.068251718182675e-07

45422 1.859558570326536e-07

46485 1.831347321959753e-07


Top 15 Documents for R112 (DocID Weight):
59464 1.533065507190134e-06

78269 1.527656472235721e-06

85553 8.317684752525365e-07

70466 7.825990446444482e-07

78115 6.595415727308699e-07

83201 3.922438861286434e-08

5166 3.254290749737224e-08

58748 2.643061837500367e-08

53046 1.855968611899747e-08

68780 1.274453678329502e-08

41121 9.322189159548499e-09

64800 8.728492966388398e-09

81350 8.058960540324416e-09

48882 7.522001559618589e-09

54467 6.751329172429585e-09


Top 15 Documents for R113 (DocID Weight):
13685 2.462535592544106e-07

37816 2.152475497092860e-07

25500 1.250694012962283e-07

17030 1.090659350986219e-07

17217 1.090659350986219e-07

13690 6.237527364820414e-08

7722 5.215036364070110e-08

40234 3.027626685137139e-08

37815 2.954806164243839e-08

79404 2.284261421168643e-08

2323 2.084476876190125e-08

4053 2.084476876190125e-08

43262 1.893246137667465e-08

76103 1.526273791302125e-08

2451 1.378486844452672e-08


Top 15 Documents for R114 (DocID Weight):
18879 5.721795523245637e-07

38452 1.068794620861984e-07

60810 5.340662912507545e-08

72354 4.410384932758951e-08

21110 1.992409221362039e-08

25303 1.053134113239621e-08

26700 9.712004258949399e-09

28014 8.665407345284406e-09

38330 6.121950540273852e-09

78708 5.895799900572558e-09

58634 2.173773381842066e-09

24474 2.084044942094298e-09

37685 1.423439403453707e-09

55340 9.248271240073203e-10

57956 9.248271240073203e-10


Top 15 Documents for R115 (DocID Weight):
58137 3.291998447098877e-08

50020 2.034389354445531e-08

61647 1.481038434076029e-08

48443 1.453041454086150e-08

76605 1.240862266612028e-08

52066 1.121429761165927e-08

38068 5.502382683217351e-09

43604 4.801595439951298e-09

5671 4.600365628206801e-09

46714 4.462501226565733e-09

79396 2.768548311691846e-09

77790 6.691875334564958e-10

44746 6.604014641784635e-10

15606 4.050718881553259e-10

53345 4.002562671444764e-10


Top 15 Documents for R116 (DocID Weight):
22679 1.984178514864169e-05

71542 1.498203560862619e-05

71543 1.498203560862619e-05

71555 1.450942707112175e-05

20188 1.109507151445701e-05

74017 1.087979350308764e-05

82616 1.067295776667393e-05

79369 9.270681587597944e-06

78863 8.977582878036980e-06

86514 8.676600184199850e-06

66894 7.410783400417458e-06

52940 6.842666351605259e-06

82598 6.763257871048957e-06

82279 6.732034148111770e-06

52741 6.464091037325216e-06


Top 15 Documents for R117 (DocID Weight):
71102 2.407399110719998e-04

54844 1.240795557863671e-04

9544 1.063185058074671e-04

67204 9.916091145921001e-05

79525 6.634399922248652e-05

65692 5.315604331361134e-05

81694 4.938873820673207e-05

48566 3.964556586952087e-05

37425 2.935616569575566e-05

60811 1.762483150219495e-05

21113 4.389956979943633e-06

62586 4.209329925509269e-06

74800 2.416364301038290e-06


Top 15 Documents for R118 (DocID Weight):
80908 4.854504195229376e-09

28903 2.191224298135049e-09

20763 1.793746339901772e-09

64892 1.459885995094327e-09

61677 1.255578136258737e-09

2906 9.591747942816938e-10

43173 8.585650069590500e-10

35104 7.072404933607924e-10

47129 5.682710483734322e-10

84529 5.262915080010572e-10

43241 4.533796747227218e-10

50269 4.423324272563071e-10

28826 3.601044615784593e-10

9544 3.135089562083792e-10

33112 1.904551850220573e-10


Top 15 Documents for R119 (DocID Weight):
51080 2.324987764145515e-04

51082 2.324987764145515e-04

65942 7.873781663006843e-05

41275 7.212214634177957e-05

68177 5.781668759808133e-05

34033 4.773656870813628e-05

51488 3.350675630904466e-05

71547 2.797642614450229e-05

82567 2.762341274507547e-05

38614 2.736457384677370e-05

28125 2.694402846693330e-05

52752 2.694402846693330e-05

13151 2.598671425682386e-05

62324 1.292922999393415e-05

65019 1.172503718423658e-05


Top 15 Documents for R120 (DocID Weight):
48981 1.531151095986855e-06

39184 7.502818436705189e-07

62781 6.455553160700915e-07

43393 9.248049766962934e-08

4527 6.810789936891782e-08

78091 4.249811211530223e-08

78092 1.855024179956410e-08

12555 1.790260011303184e-08

75135 1.665749220001273e-08

21067 1.526454587797176e-08

69629 1.269121479624454e-08

71406 1.269121479624454e-08

69633 1.211199259980241e-08

16241 8.171375564995156e-09

45819 7.795660865069740e-09


Top 15 Documents for R121 (DocID Weight):
17004 8.455758558150377e-09

13294 7.471544635624319e-09

15074 7.471544635624319e-09

13309 2.027562586931658e-09

7320 1.846182828700349e-09

15415 8.946981620737062e-10

49980 8.437920246086092e-10

14772 5.321872498944277e-10

43938 5.043783879854116e-10

3885 3.875206776291598e-10

15410 3.753908085691979e-10

79604 3.341683570509855e-10

14556 3.266394467749136e-10

9384 1.830647075226282e-10

9820 1.816996084814934e-10


Top 15 Documents for R122 (DocID Weight):
38244 1.397638842086919e-07

84331 3.041519394498986e-08

77971 2.316092949174699e-08

74775 2.287895480624913e-08

79418 2.073878983606412e-08

13984 1.307434502353565e-08

72052 6.987928096369481e-09

73186 6.987928096369481e-09

76564 6.987928096369481e-09

78866 2.758449394607243e-09

77921 1.838502571990415e-09

80435 9.836715159968579e-10

54175 6.450848868491492e-10

44818 5.286929177950960e-10

54747 3.986198567020893e-10


Top 15 Documents for R123 (DocID Weight):
37440 5.527605745679492e-07

55119 1.773804492380340e-07

29079 1.084687069276800e-07

20315 8.513775601240299e-08

13485 7.042108160643838e-08

30089 4.302381572402004e-08

78018 3.973394894209641e-08

54794 3.970233282851885e-08

26681 3.845235836386788e-08

47025 3.150574423139920e-08

47699 3.007089460406883e-08

2454 2.925620230560841e-08

5075 2.526991654869347e-08

75032 2.379173362644336e-08

10515 2.052259210566382e-08


Top 15 Documents for R124 (DocID Weight):
9981 2.967237897509027e-05

74036 1.995566881696487e-05

21511 1.669871187793464e-05

53830 1.534207947176435e-05

7225 1.465788317681195e-05

25328 1.128962815594493e-05

4528 9.446204132567418e-06

19285 9.265254369197438e-06

65604 6.803858720007835e-06

65633 5.140450292268562e-06

46194 4.785529348955025e-06

61262 4.553672315253728e-06

2345 4.444662729796492e-06

2346 4.379718047251701e-06

13147 3.835662389028585e-06


Top 15 Documents for R125 (DocID Weight):
76899 1.003351698481793e-04

77907 7.536128071661160e-05

82519 7.249783133610913e-05

25833 6.927475444192991e-05

77381 5.421360363663599e-05

27974 5.206275963205850e-05

80922 3.147129413505394e-05

82085 3.057012087813383e-05

82106 2.719801227822071e-05

71913 1.997056786703601e-05

28549 1.053120859930146e-05

9011 9.033268446465813e-06

7970 8.129320188128623e-06

73371 7.611984492712352e-06

27960 7.558739326612788e-06


Top 15 Documents for R126 (DocID Weight):
45159 3.543733201436175e-04

38191 3.470359719787441e-04

14933 2.736475238540801e-04

15228 2.712949150725665e-04

67522 2.521634382677602e-04

60588 2.130875850340340e-04

9384 2.082730529954320e-04

78479 1.799925529155984e-04

59083 1.580254482706577e-04

56499 1.575992989927575e-04

83225 1.490790285177706e-04

71223 1.445151199864062e-04

22250 1.431211402006928e-04

80102 1.260856153796420e-04

76216 1.187320499903384e-04


Top 15 Documents for R127 (DocID Weight):
40234 2.509241747333204e-08

67104 1.685263722743049e-08

10706 1.234358810482246e-08

59095 8.782229091155867e-09

60141 8.782229091155867e-09

40292 7.733682519048846e-09

75738 5.605705117075916e-09

26026 1.933828475578832e-09

26144 1.933828475578832e-09

58487 1.508475858705356e-09

56741 1.493062277739372e-09

70010 1.479201945771406e-09

62401 1.412007056390710e-09

62215 1.279937821857178e-09

68825 5.666433655870305e-10


Top 15 Documents for R128 (DocID Weight):
3740 3.837721614206819e-07

64033 1.425273404118330e-07

27215 1.388889457123794e-07

64070 1.002161243482517e-07

24214 9.670097983946208e-08

66961 7.517053998804089e-08

61170 6.079330312765368e-08

70233 4.928878166746548e-08

66923 3.404294531979279e-08

75201 3.325452538949766e-08

26085 2.987194140355751e-08

26088 2.952475667423960e-08

60528 2.578571666861262e-08

4933 1.876257044020820e-08

32366 1.778046198072510e-08


Top 15 Documents for R129 (DocID Weight):
46494 1.404888458424856e-07

76669 8.124928232670563e-08

72826 7.450154135037434e-08

72899 6.771568550018880e-08

35148 2.924251541246364e-08

44081 2.348819499998988e-08

41297 1.962684633169639e-08

75465 1.685819049768962e-08

83428 1.666765715953329e-08

21791 1.425614447816509e-08

75593 1.324184773716916e-08

67400 1.036009772685595e-08

83268 8.987004499210490e-09

82198 6.514417221232034e-09

75590 6.480013479684740e-09


Top 15 Documents for R130 (DocID Weight):
15776 1.826577929851929e-07

70556 5.600798105169173e-08

69863 2.992231373441291e-08

18235 2.964017823722164e-08

60528 2.919063401160996e-08

75483 9.018842798682514e-09

46458 5.032756726163030e-09

60483 3.877243496744720e-09

4063 1.295307406352068e-09

73550 1.258050532403796e-09

22585 8.994531206516755e-10

68037 3.726248243738699e-10

11715 3.440620888652388e-10

47530 1.759775158204419e-10

22584 1.021093840471457e-10


Top 15 Documents for R131 (DocID Weight):
16170 8.516103496451505e-05

26568 8.144406133834663e-05

60118 5.261074361271981e-05

59502 5.011894841635180e-05

58957 4.204465221276159e-05

62536 3.965668857758777e-05

77349 2.886443203563501e-05

80756 2.556834044776878e-05

31504 1.999917670638324e-05

31515 1.391359560048290e-05

41975 1.181995734586999e-05

13484 7.966472084734338e-06

73034 7.090305853414653e-06

62835 2.873934067523443e-06

62836 2.795345517875127e-06


Top 15 Documents for R132 (DocID Weight):
9843 1.757418034066623e-07

7486 1.574479961747393e-07

85553 5.670402729975648e-09

48981 3.870179853626770e-09

67115 2.789296787693684e-10

68370 1.307440284678164e-10

68780 1.197845515874625e-10

79565 1.099737457970932e-10

53133 7.079040497450106e-11

39184 6.991220817640444e-11

66981 6.783039445685085e-11

78577 6.561702217881706e-11

64294 5.647762627462487e-11

65174 4.982317494661109e-11

4017 4.822978827151814e-11


Top 15 Documents for R133 (DocID Weight):
74695 1.297610162713089e-09

35853 1.145823679041948e-09

54844 6.234147511363449e-10

84398 2.081448552718918e-10

74681 1.036434394445417e-10

6939 2.801036945921152e-11

9544 2.209264385366450e-11

71102 1.642587114933268e-11

82290 1.618449869693813e-11

35755 1.570755561668166e-11

32662 1.143406191191785e-11

65692 9.179655926465806e-12

54814 7.252123253215664e-12

54925 6.021595542856687e-12

37425 4.434215921183816e-12


Top 15 Documents for R134 (DocID Weight):
59659 5.958823431844121e-11

58438 7.657047014155804e-12

73397 6.267979174304827e-12

75562 3.272683884495433e-12

84627 2.783679439711738e-12

21172 2.710949580692834e-12

69112 2.236436915855382e-12

60928 1.779047594868908e-12

46142 1.720355182770639e-12

53308 1.334148494865951e-12

5870 1.329035206991079e-12

3169 1.219095124102464e-12

74790 8.435605949469973e-13

14567 7.837932889483429e-13

43806 7.601883528103430e-13


Top 15 Documents for R135 (DocID Weight):
78305 1.200184459680903e-08

65465 1.100385262999815e-08

66118 1.100385262999815e-08

31784 8.521200620589869e-09

68756 8.106658759149201e-09

80891 7.811522650543673e-09

78998 6.489713246095897e-09

79698 6.489713246095897e-09

52721 6.434721023334877e-09

65311 6.310588330100420e-09

65501 6.283577077418134e-09

67275 5.813596427469429e-09

67433 5.813596427469429e-09

34733 5.191859467147587e-09

86691 5.023868052413664e-09


Top 15 Documents for R136 (DocID Weight):
35104 4.559759087645119e-08

79605 1.605462487929408e-08

43962 7.346450750150353e-09

41487 7.339542008293554e-09

19488 3.740613078110034e-09

46422 3.464497678144241e-09

48692 2.704190266313053e-09

8768 2.413936945909384e-09

42907 2.059006846868976e-09

58438 1.880046909997858e-09

34428 1.468989993428815e-09

83238 1.111965322356059e-09

15404 1.099120212810638e-09

76750 8.302335910630297e-10

76779 8.276258397752919e-10


Top 15 Documents for R137 (DocID Weight):
66879 3.762270329190889e-07

85322 4.844313187421830e-08

61252 2.228575241564730e-08

81418 1.228142982229468e-08

80107 1.212150823868315e-08

46874 9.461437371282655e-09

80039 7.510635993821621e-09

39136 6.768082841863234e-09

74200 5.998679457863501e-09

4650 5.970575676137690e-09

78455 5.896733662809889e-09

82828 5.120514717246487e-09

78483 4.761787619899019e-09

53354 4.458040877466800e-09

27297 4.019972154057452e-09


Top 15 Documents for R138 (DocID Weight):
20899 1.324399934021149e-10

49872 1.309816483962083e-10

77971 8.378489251144561e-11

37732 4.987363665808996e-11

56318 2.636789607440290e-11

50734 1.662693410337222e-11

40341 6.427388776281701e-12

65378 6.019467342171931e-12

2552 5.887519916006391e-12

75463 5.396345340065545e-12

56045 4.669616027881990e-12

56248 4.669616027881990e-12

47714 4.341569801043470e-12

62620 1.889093898281852e-12

48174 1.664749074324023e-12


Top 15 Documents for R139 (DocID Weight):
71102 1.317017830777663e-06

67204 3.507238388948402e-07

54844 4.906324909717626e-08

9544 4.201798783363719e-08

79525 2.602854935126366e-08

50076 2.169243193777560e-08

65692 2.069299438549208e-08

81694 1.906812601213863e-08

48566 1.525304740538018e-08

41231 1.365013144751365e-08

58507 1.317950344455195e-08

35853 1.170330846545598e-08

37425 1.084408587529862e-08

62586 9.858628371839384e-09

79033 3.338340935605803e-09


Top 15 Documents for R140 (DocID Weight):
6857 9.452856090166988e-05

58343 3.653128052747871e-05

44400 2.918160565747846e-05

25063 2.390942564871031e-05

18151 1.857217124772589e-05

18393 1.857217124772589e-05

45396 1.836272674328313e-05

22321 1.214136492216383e-05

43139 9.252875505215579e-06

11825 6.216258425859729e-06

13885 6.148472066222906e-06

35886 5.100905232098566e-06

16137 4.504123264095260e-06

33779 4.092698830420993e-06

35214 4.092698830420993e-06


Top 15 Documents for R141 (DocID Weight):
65284 1.626549501162905e-07

60155 1.270479237331844e-07

62292 9.849324619753438e-08

60221 9.433356776071527e-08

51691 8.794180852787124e-08

59351 6.791547817818234e-08

39864 4.941108110671897e-08

9954 4.863357793008562e-08

55848 4.642373786932860e-08

39304 4.040939680715940e-08

39972 3.693645824033514e-08

75561 3.674603479607192e-08

75471 3.285110383782795e-08

39883 2.881355314286937e-08

75641 2.795726673366084e-08


Top 15 Documents for R142 (DocID Weight):
15462 0.000000000000000e+00

19908 0.000000000000000e+00

26011 0.000000000000000e+00

26511 0.000000000000000e+00

28354 0.000000000000000e+00

34410 0.000000000000000e+00

38696 0.000000000000000e+00

39258 0.000000000000000e+00

39840 0.000000000000000e+00

41614 0.000000000000000e+00

45201 0.000000000000000e+00

48020 0.000000000000000e+00

50474 0.000000000000000e+00

53188 0.000000000000000e+00

54126 0.000000000000000e+00


Top 15 Documents for R143 (DocID Weight):
72134 1.279007627035240e-07

23698 9.740671795974700e-08

74605 8.982544435528724e-08

3666 5.760024810817167e-08

64896 5.671596958733764e-08

75564 4.963437833290285e-08

44232 3.032819128443956e-08

11744 2.208457598621592e-08

63379 2.074680670105853e-08

30864 1.780397205272492e-08

11852 1.422301156235995e-08

37657 1.124521105915235e-08

21265 1.051017217622438e-08

7041 9.420413726707461e-09

72032 9.302444610745586e-09


Top 15 Documents for R144 (DocID Weight):
43899 1.083165291233238e-07

36318 6.521806533114402e-08

13135 6.443638286058267e-08

69511 5.331920789561747e-08

19626 5.294953331200230e-08

27525 5.088092554843994e-08

35258 3.915308325940127e-08

26257 3.788623011470755e-08

7359 3.600585036558664e-08

27535 2.838278151242079e-08

47896 2.284048397050455e-08

12579 2.086264967060190e-08

12658 2.059265019065381e-08

3364 1.900795384998481e-08

74200 1.790358776084160e-08


Top 15 Documents for R145 (DocID Weight):
32232 2.035808283232710e-08

17654 1.830272547762283e-08

4300 1.766904680058749e-08

14501 1.586818784363432e-08

11106 1.046535837523898e-08

32472 1.021435668002088e-08

6237 8.530802107864557e-09

51917 6.748181321902926e-09

28025 6.483569199122090e-09

67785 5.359344152782309e-09

54291 4.849558290886249e-09

27970 4.491942739700163e-09

35545 4.058204957124243e-09

41447 3.969360452745138e-09

26072 3.525629410718486e-09


Top 15 Documents for R146 (DocID Weight):
23687 5.236475641838637e-06

12035 4.196998254404080e-06

72072 2.639887990776741e-06

58000 1.882549925883688e-06

49904 1.386022471062441e-06

38821 9.977217465916501e-07

70836 6.739001978298767e-07

24287 6.020597076648732e-07

54065 4.869384308510482e-07

12196 4.510785389578217e-07

12396 4.142414327236872e-07

11944 4.330033971484493e-08

12476 4.330033971484493e-08

14541 4.330033971484493e-08

15478 4.330033971484493e-08


Top 15 Documents for R147 (DocID Weight):
56691 4.733087100519699e-06

27441 1.310929933412670e-06

64153 9.155735464298221e-07

82440 7.950742415963100e-07

27911 4.967386603556480e-07

27845 2.372707852594038e-07

77181 2.030386110663949e-07

81325 1.915416646184377e-07

44101 1.910850034543265e-07

27921 1.686253336135972e-07

34675 1.677617392973442e-07

73146 1.648968373503604e-07

29390 1.465273734543696e-07

77719 1.144719748843842e-07

61777 1.126758443832449e-07


Top 15 Documents for R148 (DocID Weight):
84829 2.336563444361430e-02

8622 1.891583375760336e-02

9133 1.891583375760336e-02

58009 1.853785352887687e-02

24044 1.773012467236752e-02

31619 1.593075913073769e-02

51260 1.464174963277297e-02

51453 1.453922058287550e-02

52489 1.443822181730486e-02

60293 1.414407212779620e-02

75205 1.377134344321785e-02

52661 9.005385996409336e-03

85344 7.550840541863882e-03

85663 5.923418783294582e-03

83678 5.550840541863881e-03


Top 15 Documents for R149 (DocID Weight):
41538 4.697128704332141e-08

39661 3.587263291308456e-08

14196 3.368378569585777e-08

25529 2.779863745463153e-08

32400 2.406397929683543e-08

39926 1.891095827564768e-08

62392 8.749931055648970e-09

3936 4.678302501214960e-09

17390 3.749084667541970e-09

17360 3.388043897563159e-09

30390 1.657396826475978e-09

25220 1.383312779154161e-09

72985 1.298860388104554e-09

40902 1.039332069398763e-09

16941 1.017360050384826e-09


Top 15 Documents for R150 (DocID Weight):
19409 3.439821542552863e-05

53361 3.409791731315583e-05

19411 2.894625241020244e-05

19420 2.702812721432232e-05

64482 2.473842117993662e-05

19885 1.247034225412340e-05

3148 9.891376980797160e-06

26648 5.510515592511498e-06

39907 4.004379405418255e-06

50614 3.968954104650210e-06

54538 3.719899176475281e-06

53269 2.137890291535590e-06

23361 1.285214695603889e-06

85997 1.101452518414743e-06

6318 7.579067969036625e-07


